1138	0406
1173	0406
1174	0406
1282	0406
135	0406
1448	0406
1453	0406
1478	0406
1479	0406
1579	0406
1588	0406
1601	0406
1614	0406
1785	0406
1823	0406
1829	0406
1966	0406
1967	0406
1977	0406
2020	0406
2030	0406
2033	0406
2263	0406
2370	0406
2573	0406
2576	0406
2577	0406
2578	0406
2579	0406
2580	0406
2581	0406
2582	0406
2583	0406
2584	0406
2585	0406
2586	0406
2588	0406
3002	0406
3016	0406
3020	0406
3025	0406
3042	0406
3046	0406
3048	0406
3096	0406
32	0406
3413	0406
381	0406
382	0406
4093	0406
4188	0406
435136	0406
436	0406
4950	0406
5114	0406
5483	0406
5621	0406
5622	0406
5623	0406
5624	0406
5625	0406
5626	0406
5805	0406
5875	0406
633	0406
6862	0406
6881	0406
6882	0406
6883	0406
6884	0406
6885	0406
7197	0406
7216	0406
7386	0406
7413	0406
8421	0406
8422	0406
8423	0406
8424	0406
883	0406
887	0406
905	0406
907	0406
971	0406
c_3a2df4eb	0406
1011	0411
1137	0411
149	0411
1928	0411
2180	0411
2250	0411
2251	0411
2252	0411
2253	0411
2254	0411
2255	0411
2257	0411
2258	0411
2259	0411
2260	0411
2261	0411
2262	0411
2422	0411
244	0411
3050	0411
3964	0411
4436	0411
5069	0411
5357	0411
582	0411
6014	0411
6886	0411
6887	0411
6888	0411
7343	0411
7376	0411
7377	0411
7378	0411
954	0411
955	0411
1013	0416
1082	0416
1093	0416
1359	0416
1471	0416
159	0416
1678	0416
1679	0416
1746	0416
1748	0416
1750	0416
1753	0416
1953	0416
2091	0416
2186	0416
2223	0416
2268	0416
2796	0416
2808	0416
2880	0416
2966	0416
3035	0416
3037	0416
3041	0416
3044	0416
3045	0416
3313	0416
3383	0416
355	0416
360	0416
363	0416
3975	0416
3976	0416
3977	0416
3981	0416
3982	0416
4157	0416
4159	0416
418	0416
4321	0416
4322	0416
4367	0416
4368	0416
4593	0416
4701	0416
4750	0416
4751	0416
4757	0416
4758	0416
4759	0416
4760	0416
4761	0416
4764	0416
4765	0416
4766	0416
5064	0416
5067	0416
5097	0416
5105	0416
5276	0416
5529	0416
558	0416
5607	0416
5984	0416
6006	0416
6890	0416
694	0416
695	0416
696	0416
697	0416
698	0416
699	0416
700	0416
701	0416
702	0416
704	0416
705	0416
706	0416
7215	0416
1197	0421
1303	0421
1336	0421
1344	0421
14	0421
1481	0421
15	0421
1599	0421
1778	0421
18	0421
190	0421
1976	0421
1995	0421
2072	0421
21	0421
22	0421
2242	0421
2244	0421
2245	0421
2246	0421
2363	0421
2598	0421
2874	0421
2875	0421
2876	0421
3036	0421
3040	0421
3049	0421
3232	0421
3680	0421
41	0421
4120	0421
425	0421
4328	0421
4694	0421
4871	0421
5068	0421
5117	0421
53	0421
5377	0421
5378	0421
5379	0421
5549	0421
5558	0421
5830	0421
5867	0421
6891	0421
7190	0421
7217	0421
7337	0421
7952	0421
1062	0426
1242	0426
127	0426
1438	0426
1558	0426
2160	0426
2702	0426
2703	0426
2800	0426
2811	0426
2861	0426
2878	0426
2895	0426
3059	0426
338	0426
356	0426
3703	0426
3984	0426
4091	0426
4119	0426
4147	0426
4449	0426
450	0426
4753	0426
4754	0426
4755	0426
4756	0426
4762	0426
489	0426
5851	0426
6892	0426
1192	0431
1198	0431
1211	0431
1437	0431
1749	0431
1751	0431
1931	0431
1998	0431
1999	0431
2000	0431
2001	0431
2003	0431
2004	0431
2007	0431
2009	0431
2010	0431
2011	0431
2073	0431
214	0431
2152	0431
2154	0431
2155	0431
2162	0431
2269	0431
2332	0431
2388	0431
2440	0431
253	0431
2630	0431
2991	0431
3053	0431
3054	0431
3055	0431
3056	0431
3057	0431
309	0431
3226	0431
3237	0431
3260	0431
3379	0431
3389	0431
3517	0431
3561	0431
3589	0431
379	0431
404	0431
4045	0431
4087	0431
4153	0431
4179	0431
4180	0431
4181	0431
4182	0431
419	0431
4452	0431
4467	0431
470	0431
4704	0431
471	0431
4729	0431
4730	0431
49	0431
4959	0431
5074	0431
526	0431
5313	0431
5528	0431
5540	0431
5609	0431
5654	0431
5669	0431
5748	0431
5841	0431
5853	0431
5855	0431
5891	0431
5897	0431
5960	0431
6017	0431
67	0431
6893	0431
7184	0431
7187	0431
7189	0431
7199	0431
7223	0431
7373	0431
7375	0431
7380	0431
7381	0431
7385	0431
7416	0431
769	0431
8415	0431
8419	0431
8428	0431
885	0431
886	0431
95	0431
c_2f00dd5a	0431
c_57f3c49f	0431
c_9d09fbc3	0431
c_9eea2203	0431
c_af502da0	0431
1046	0436
1047	0436
1172	0436
126	0436
1593	0436
171	0436
1860	0436
1939	0436
206	0436
2166	0436
2296	0436
2506	0436
2508	0436
2587	0436
2695	0436
27	0436
2700	0436
2854	0436
2939	0436
2968	0436
3031	0436
3038	0436
3062	0436
3063	0436
3088	0436
3221	0436
340	0436
35	0436
3507	0436
361	0436
362	0436
38	0436
383	0436
3862	0436
39	0436
390	0436
391	0436
4011	0436
4012	0436
4136	0436
4271	0436
4272	0436
442917	0436
4451	0436
5070	0436
5116	0436
5118	0436
5119	0436
5120	0436
517	0436
5217	0436
5450	0436
5501	0436
5502	0436
5536	0436
5586	0436
5600	0436
5657	0436
5784	0436
5852	0436
5918	0436
5936	0436
5945	0436
5959	0436
5995	0436
6034	0436
65	0436
68	0436
6894	0436
6896	0436
6897	0436
734	0436
7353	0436
7365	0436
77	0436
7934	0436
8466	0436
878	0436
c_46f6aaeb	0436
c_9829e6b7	0436
c_cef8ea9d	0436
1345	0806
1346	0806
1347	0806
1379	0806
1663	0806
2005	0806
201	0806
2087	0806
2095	0806
2189	0806
2835	0806
2850	0806
2901	0806
2926	0806
2928	0806
3196	0806
3206	0806
3219	0806
3223	0806
3228	0806
3241	0806
3367	0806
3461	0806
3462	0806
3463	0806
3465	0806
3466	0806
3467	0806
3468	0806
3470	0806
3472	0806
3473	0806
3474	0806
3479	0806
3480	0806
3481	0806
3482	0806
3483	0806
3488	0806
3490	0806
3578	0806
359	0806
3637	0806
3644	0806
3650	0806
3870	0806
4216	0806
434004	0806
434056	0806
435	0806
4596	0806
5121	0806
5124	0806
5326	0806
5394	0806
5420	0806
5432	0806
5449	0806
5485	0806
5486	0806
5523	0806
5525	0806
5535	0806
5537	0806
5574	0806
5638	0806
5639	0806
5670	0806
5744	0806
5756	0806
5827	0806
5833	0806
5870	0806
6007	0806
6372	0806
6704	0806
6898	0806
7417	0806
7935	0806
91	0806
c_39046afb	0806
1008	0811
1467	0811
2006	0811
207	0811
208	0811
209	0811
210	0811
211	0811
213	0811
216	0811
217	0811
218	0811
220	0811
221	0811
223	0811
224	0811
225	0811
226	0811
2285	0811
2294	0811
2298	0811
2300	0811
231	0811
2460	0811
2793	0811
2898	0811
2909	0811
3003	0811
3074	0811
3075	0811
3076	0811
3077	0811
3295	0811
3489	0811
3491	0811
4055	0811
4121	0811
4123	0811
4221	0811
4348	0811
435164	0811
4627	0811
4843	0811
500	0811
5122	0811
5125	0811
5337	0811
5545	0811
5546	0811
5551	0811
5779	0811
6373	0811
6374	0811
6917	0811
6920	0811
737	0811
80	0811
807	0811
845	0811
860	0811
881	0811
899	0811
910	0811
922	0811
949	0811
958	0811
969	0811
986	0811
c_50620749	0811
c_8f1cd55b	0811
c_f7430876	0811
1210	0816
1212	0816
1213	0816
1214	0816
1215	0816
1306	0816
1436	0816
1517	0816
1743	0816
1869	0816
1930	0816
2053	0816
2071	0816
2380	0816
2485	0816
2500	0816
2949	0816
2986	0816
3112	0816
3450	0816
3453	0816
3454	0816
3455	0816
3456	0816
3476	0816
3493	0816
3495	0816
3496	0816
3498	0816
3499	0816
3500	0816
3501	0816
3502	0816
3504	0816
3505	0816
3506	0816
3508	0816
3509	0816
3510	0816
406	0816
411	0816
4269	0816
4270	0816
4275	0816
440	0816
4696	0816
4697	0816
4794	0816
498	0816
5126	0816
5335	0816
5375	0816
541	0816
5753	0816
5773	0816
5831	0816
5957	0816
6024	0816
6117	0816
6375	0816
6376	0816
6722	0816
6919	0816
6927	0816
6930	0816
7213	0816
7214	0816
8354	0816
8355	0816
8356	0816
8357	0816
8410	0816
8441	0816
99	0816
c_47ea173d	0816
c_4e75f061	0816
c_54f7dd1f	0816
c_7cbc24fd	0816
c_7d7608fa	0816
c_959c23de	0816
c_99e6dc30	0816
c_e78f03db	0816
c_ff638149	0816
1365	0821
1441	0821
1944	0821
2097	0821
2303	0821
2464	0821
2499	0821
2557	0821
2567	0821
2595	0821
2603	0821
2628	0821
2637	0821
2647	0821
2905	0821
3419	0821
3420	0821
3421	0821
3423	0821
3425	0821
3426	0821
3427	0821
3429	0821
3431	0821
3432	0821
3433	0821
3434	0821
3436	0821
3437	0821
3439	0821
3440	0821
3441	0821
3442	0821
3444	0821
3445	0821
3447	0821
3448	0821
3451	0821
3452	0821
3458	0821
366	0821
4106	0821
4127	0821
4140	0821
4156	0821
4292	0821
4417	0821
472	0821
4822	0821
5053	0821
5321	0821
5453	0821
5468	0821
5591	0821
5610	0821
5660	0821
5724	0821
5783	0821
5786	0821
5801	0821
5901	0821
5952	0821
6363	0821
6377	0821
6378	0821
6379	0821
6380	0821
7	0821
7340	0821
7412	0821
7809	0821
7987	0821
c_9104c45f	0821
1048	1006
114	1006
128	1006
1451	1006
19	1006
2140	1006
2153	1006
2163	1006
2164	1006
2198	1006
2243	1006
2248	1006
2346	1006
2347	1006
2348	1006
237	1006
255	1006
256	1006
3717	1006
4038	1006
4043	1006
4044	1006
4046	1006
4067	1006
4071	1006
4124	1006
4174	1006
4175	1006
4177	1006
4178	1006
4304	1006
439498	1006
439592	1006
441001	1006
443167	1006
447442	1006
447472	1006
447503	1006
447536	1006
447604	1006
447660	1006
447756	1006
447795	1006
447917	1006
447958	1006
448275	1006
4838	1006
5128	1006
5130	1006
5133	1006
5134	1006
5135	1006
5251	1006
5308	1006
5310	1006
5328	1006
5342	1006
5354	1006
5399	1006
5408	1006
5421	1006
5425	1006
5426	1006
5427	1006
5455	1006
5506	1006
5507	1006
5508	1006
5509	1006
5518	1006
5519	1006
5548	1006
5589	1006
5611	1006
5640	1006
5641	1006
5642	1006
5645	1006
5680	1006
5757	1006
5758	1006
5762	1006
5767	1006
5769	1006
5806	1006
5807	1006
5829	1006
5854	1006
5885	1006
5937	1006
6049	1006
6050	1006
6053	1006
6054	1006
6056	1006
6057	1006
6059	1006
6060	1006
6072	1006
6076	1006
6128	1006
6219	1006
6255	1006
6256	1006
6287	1006
6288	1006
6358	1006
7126	1006
7221	1006
7222	1006
7927	1006
7928	1006
7936	1006
7937	1006
7938	1006
7983	1006
7984	1006
7985	1006
8284	1006
8407	1006
8439	1006
8462	1006
8465	1006
8542	1006
c_047e5912	1006
c_4768a12e	1006
c_5cec7cfa	1006
c_871b5612	1006
c_8a658bb0	1006
c_96124aaf	1006
c_bbc13d07	1006
c_e9845504	1006
c_edee9606	1006
c_f5ed5adb	1006
1551	1011
2227	1011
2247	1011
2618	1011
2809	1011
2897	1011
2927	1011
3087	1011
3102	1011
3484	1011
349	1011
3494	1011
36	1011
3866	1011
40	1011
4014	1011
4015	1011
4017	1011
4018	1011
4020	1011
4022	1011
4023	1011
4027	1011
4030	1011
4031	1011
4032	1011
4034	1011
4035	1011
4065	1011
4066	1011
4068	1011
4125	1011
43	1011
440238	1011
440265	1011
440523	1011
440549	1011
440579	1011
440605	1011
440631	1011
440657	1011
440710	1011
443137	1011
445178	1011
445203	1011
445228	1011
445259	1011
4457	1011
4473	1011
4479	1011
4480	1011
4481	1011
4482	1011
449	1011
5115	1011
5127	1011
5129	1011
5131	1011
5136	1011
5203	1011
5204	1011
525	1011
5258	1011
5411	1011
5456	1011
5498	1011
5511	1011
5524	1011
5534	1011
5581	1011
5606	1011
5648	1011
5739	1011
5790	1011
5811	1011
5812	1011
5814	1011
5815	1011
5816	1011
5822	1011
5871	1011
5953	1011
6133	1011
6142	1011
6265	1011
6266	1011
6284	1011
6285	1011
6289	1011
6290	1011
6725	1011
6726	1011
7127	1011
7128	1011
7194	1011
7930	1011
8468	1011
8473	1011
8474	1011
8489	1011
8553	1011
c_70c441cc	1011
c_777eba81	1011
116	1016
12	1016
1450	1016
1464	1016
1474	1016
1531	1016
196	1016
197	1016
198	1016
199	1016
200	1016
2008	1016
2324	1016
2451	1016
26	1016
2930	1016
2931	1016
3106	1016
3234	1016
3299	1016
350	1016
352	1016
353	1016
388	1016
4019	1016
4024	1016
4026	1016
4037	1016
4040	1016
4041	1016
4048	1016
4049	1016
4051	1016
4052	1016
4053	1016
4057	1016
4060	1016
4061	1016
4063	1016
4070	1016
4183	1016
4247	1016
4355	1016
442821	1016
5132	1016
5137	1016
5312	1016
5315	1016
5318	1016
5327	1016
5343	1016
5344	1016
5403	1016
5404	1016
5406	1016
5407	1016
5409	1016
5413	1016
5418	1016
5442	1016
5491	1016
5494	1016
5499	1016
5504	1016
5505	1016
5510	1016
5531	1016
5543	1016
5544	1016
5547	1016
5550	1016
5552	1016
5567	1016
5618	1016
5629	1016
5630	1016
5674	1016
5675	1016
5681	1016
5749	1016
5761	1016
5763	1016
5772	1016
5788	1016
5824	1016
5826	1016
5834	1016
5864	1016
5873	1016
5942	1016
5948	1016
6218	1016
6222	1016
6274	1016
6286	1016
6706	1016
6708	1016
6709	1016
6710	1016
6723	1016
6724	1016
7132	1016
7138	1016
7813	1016
7932	1016
7953	1016
7954	1016
7982	1016
7986	1016
8285	1016
8409	1016
8430	1016
8475	1016
8476	1016
8477	1016
8478	1016
8479	1016
8480	1016
8481	1016
8482	1016
c_1c478aa5	1016
c_2212c2c4	1016
c_2e08d60f	1016
c_59f9c651	1016
c_6547ccb7	1016
c_6f7bbe63	1016
c_8a6f744c	1016
c_8d31aed6	1016
c_c4c48e5c	1016
c_fd848a9f	1016
1005	1021
1052	1021
1056	1021
1311	1021
1460	1021
1851	1021
2054	1021
251	1021
2591	1021
2592	1021
2607	1021
2608	1021
2609	1021
2610	1021
3238	1021
3258	1021
3259	1021
3560	1021
400	1021
401	1021
4056	1021
4080	1021
4126	1021
4237	1021
437422	1021
438855	1021
441716	1021
450652	1021
450658	1021
452085	1021
5051	1021
5057	1021
5138	1021
5158	1021
5419	1021
5452	1021
5459	1021
5538	1021
5539	1021
5554	1021
5561	1021
5575	1021
5576	1021
5577	1021
5578	1021
5579	1021
5580	1021
5590	1021
5620	1021
5643	1021
5668	1021
5787	1021
5825	1021
5844	1021
5856	1021
5866	1021
5868	1021
5872	1021
5904	1021
5926	1021
73	1021
738	1021
978	1021
979	1021
980	1021
c_34746c6e	1021
c_4d5b6dbd	1021
c_4e3beee2	1021
c_b54dc55a	1021
c_d08207d1	1021
c_e548b67f	1021
148	1206
1484	1206
151	1206
1550	1206
1589	1206
1697	1206
1699	1206
2158	1206
2236	1206
2617	1206
2669	1206
3099	1206
348	1206
364	1206
3699	1206
3921	1206
3922	1206
3924	1206
3935	1206
4222	1206
448	1206
485	1206
527	1206
528	1206
5496	1206
5497	1206
5599	1206
571	1206
5711	1206
576	1206
578	1206
5789	1206
5813	1206
6023	1206
6106	1206
6257	1206
6609	1206
6610	1206
6611	1206
6729	1206
6730	1206
6731	1206
6732	1206
6733	1206
6734	1206
6735	1206
7350	1206
7366	1206
7370	1206
7390	1206
7399	1206
8425	1206
8427	1206
c_7afb6cd4	1206
1129	1211
1281	1211
1339	1211
164	1211
1747	1211
1777	1211
186	1211
1940	1211
2031	1211
2249	1211
2337	1211
2338	1211
234	1211
2812	1211
2813	1211
2815	1211
2818	1211
2819	1211
3475	1211
3497	1211
3635	1211
3926	1211
3927	1211
3929	1211
3932	1211
3934	1211
3936	1211
3937	1211
3938	1211
3939	1211
3940	1211
3942	1211
4274	1211
437483	1211
4503	1211
4625	1211
497	1211
499	1211
501	1211
5079	1211
5093	1211
5110	1211
5112	1211
5113	1211
5161	1211
523	1211
546	1211
5492	1211
5493	1211
5559	1211
5582	1211
5598	1211
5850	1211
5910	1211
6005	1211
884	1211
948	1211
96	1211
c_471a61cf	1211
1092	1216
1095	1216
1251	1216
1432	1216
1549	1216
1600	1216
2	1216
2314	1216
2353	1216
2383	1216
245	1216
2597	1216
2631	1216
3355	1216
3513	1216
3588	1216
3878	1216
3943	1216
3944	1216
3945	1216
3950	1216
3951	1216
3953	1216
3954	1216
3955	1216
3957	1216
3958	1216
3959	1216
3960	1216
3961	1216
3962	1216
3963	1216
3993	1216
4114	1216
4349	1216
4695	1216
4727	1216
4742	1216
5142	1216
5271	1216
5428	1216
5489	1216
5490	1216
5570	1216
5571	1216
5572	1216
5631	1216
5659	1216
573	1216
574	1216
575	1216
5933	1216
6132	1216
6612	1216
6613	1216
6614	1216
6615	1216
6616	1216
6727	1216
6728	1216
6899	1216
6925	1216
7349	1216
7944	1216
8417	1216
8420	1216
8433	1216
8434	1216
8449	1216
877	1216
950	1216
953	1216
c_7546272f	1216
c_b499ede2	1216
1080	1221
1457	1221
1538	1221
2699	1221
2701	1221
2704	1221
2913	1221
2940	1221
2941	1221
2942	1221
2964	1221
3839	1221
3965	1221
3966	1221
3969	1221
3970	1221
3971	1221
3972	1221
3973	1221
3974	1221
3978	1221
3979	1221
3980	1221
435469	1221
4434	1221
4882	1221
5144	1221
5145	1221
5371	1221
5400	1221
5412	1221
5414	1221
5415	1221
5416	1221
5417	1221
5596	1221
5616	1221
5633	1221
5685	1221
5686	1221
5802	1221
5809	1221
5817	1221
5832	1221
5835	1221
5836	1221
5837	1221
5838	1221
5954	1221
6617	1221
6618	1221
6619	1221
6900	1221
7200	1221
7929	1221
8443	1221
8453	1221
8455	1221
8458	1221
930	1221
c_0f3b8370	1221
c_6496f5ea	1221
1272	1226
1537	1226
1539	1226
1540	1226
1541	1226
1543	1226
1544	1226
1545	1226
1546	1226
1547	1226
1548	1226
1735	1226
1938	1226
2085	1226
2124	1226
2351	1226
2441	1226
2982	1226
37	1226
3983	1226
3985	1226
3986	1226
3987	1226
3989	1226
3990	1226
42	1226
44	1226
5139	1226
5141	1226
5691	1226
5692	1226
5923	1226
6621	1226
6622	1226
6623	1226
6624	1226
94	1226
1114	1231
1171	1231
1623	1231
1633	1231
2034	1231
2035	1231
2036	1231
2096	1231
2271	1231
2272	1231
2867	1231
3503	1231
3521	1231
3526	1231
3677	1231
3992	1231
3995	1231
3996	1231
3998	1231
3999	1231
4001	1231
4003	1231
4004	1231
4005	1231
4009	1231
4010	1231
422	1231
4238	1231
4334	1231
435196	1231
4791	1231
488	1231
505	1231
5143	1231
518	1231
5330	1231
537	1231
5405	1231
542	1231
5444	1231
551	1231
552	1231
5597	1231
5649	1231
565	1231
566	1231
567	1231
5708	1231
5796	1231
581	1231
598	1231
603	1231
605	1231
611	1231
6626	1231
6922	1231
6923	1231
8411	1231
8456	1231
8457	1231
859	1231
951	1231
100	1236
1473	1236
1498	1236
1618	1236
1619	1236
1620	1236
1621	1236
1622	1236
1625	1236
1626	1236
1628	1236
1636	1236
1941	1236
1942	1236
2051	1236
2086	1236
2828	1236
2832	1236
2833	1236
2834	1236
2881	1236
306	1236
3565	1236
3899	1236
3900	1236
3901	1236
3902	1236
3906	1236
3908	1236
3910	1236
3911	1236
3912	1236
3913	1236
3914	1236
3915	1236
3916	1236
3917	1236
3920	1236
454	1236
455	1236
456	1236
457	1236
458	1236
459	1236
512	1236
513	1236
514	1236
516	1236
520	1236
538	1236
543	1236
548	1236
553	1236
5592	1236
564	1236
583	1236
584	1236
585	1236
6077	1236
6230	1236
6231	1236
6254	1236
6277	1236
6627	1236
6628	1236
688	1236
689	1236
717	1236
7347	1236
7348	1236
7411	1236
8426	1236
857	1236
c_558c1e00	1236
c_b19d7503	1236
c_ba4acdb2	1236
1131	1606
1409	1606
1463	1606
202	1606
2390	1606
2393	1606
2402	1606
2406	1606
2407	1606
2408	1606
2458	1606
2461	1606
2462	1606
2465	1606
2483	1606
2490	1606
2497	1606
2518	1606
2627	1606
2844	1606
3066	1606
3068	1606
3069	1606
3070	1606
3071	1606
3194	1606
369	1606
4077	1606
410	1606
4249	1606
5562	1606
5585	1606
5673	1606
6061	1606
6125	1606
6705	1606
712	1606
723	1606
745	1606
766	1606
786	1606
797	1606
835	1606
8460	1606
852	1606
862	1606
889	1606
976	1606
995	1606
c_1137acd8	1606
c_1138d9d2	1606
1038	1611
1040	1611
1041	1611
112	1611
1421	1611
1472	1611
2101	1611
2295	1611
2297	1611
2299	1611
2569	1611
274	1611
2910	1611
2933	1611
3080	1611
310	1611
335	1611
3400	1611
3533	1611
358	1611
4223	1611
4250	1611
4254	1611
427	1611
430	1611
461	1611
5146	1611
5148	1611
5992	1611
6143	1611
6781	1611
84	1611
1468	1616
1542	1616
1900	1616
2515	1616
2516	1616
3034	1616
3043	1616
3047	1616
3051	1616
3052	1616
3058	1616
3064	1616
3067	1616
3073	1616
3078	1616
3079	1616
3081	1616
4128	1616
4129	1616
431	1616
462	1616
5149	1616
5150	1616
5433	1616
5443	1616
5457	1616
5472	1616
5823	1616
5845	1616
5846	1616
5847	1616
5848	1616
5849	1616
6782	1616
c_12742da8	1616
c_2a1a9fdc	1616
c_61b6fae1	1616
c_6eb6fb87	1616
c_a6b5bad0	1616
c_c8363c09	1616
c_f05a3667	1616
1792	1621
3013	1621
3082	1621
4006	1621
4008	1621
4013	1621
4016	1621
4021	1621
4601	1621
5840	1621
5886	1621
6032	1621
6108	1621
637	1621
639	1621
640	1621
643	1621
646	1621
647	1621
649	1621
650	1621
652	1621
653	1621
654	1621
655	1621
657	1621
658	1621
659	1621
660	1621
661	1621
6783	1621
7134	1621
7951	1621
c_68ddcc11	1621
c_87ccc7c3	1621
c_8bf65f26	1621
2062	1626
2241	1626
2280	1626
2281	1626
2575	1626
2761	1626
2768	1626
2769	1626
2778	1626
3072	1626
3083	1626
3310	1626
3319	1626
3328	1626
3333	1626
3659	1626
3684	1626
3686	1626
3721	1626
399	1626
4362	1626
4369	1626
4372	1626
5056	1626
536	1626
5564	1626
56	1626
59	1626
6784	1626
6785	1626
834	1626
836	1626
959	1626
1352	1631
1728	1631
1731	1631
1800	1631
1895	1631
1901	1631
1955	1631
2066	1631
2612	1631
2613	1631
2614	1631
2616	1631
2822	1631
2902	1631
2907	1631
3085	1631
3086	1631
3326	1631
4213	1631
4256	1631
4258	1631
4262	1631
4265	1631
4266	1631
4267	1631
4268	1631
4302	1631
623	1631
634	1631
6786	1631
770	1631
10	2006
1006	2006
1010	2006
1486	2006
1641	2006
1786	2006
1795	2006
1796	2006
1797	2006
1798	2006
1801	2006
1803	2006
1806	2006
1807	2006
1810	2006
20	2006
2182	2006
2218	2006
2401	2006
2449	2006
2450	2006
2487	2006
2488	2006
2590	2006
2804	2006
2839	2006
287	2006
288	2006
2912	2006
2967	2006
3065	2006
3123	2006
3165	2006
3166	2006
3167	2006
3169	2006
3170	2006
3171	2006
3172	2006
3267	2006
3271	2006
3568	2006
3570	2006
3618	2006
4	2006
4073	2006
4219	2006
4283	2006
4284	2006
4310	2006
4347	2006
4605	2006
480	2006
5025	2006
5033	2006
522	2006
524	2006
5376	2006
5542	2006
5666	2006
5707	2006
5725	2006
6062	2006
618	2006
619	2006
6268	2006
635	2006
6364	2006
6365	2006
6366	2006
692	2006
6926	2006
9	2006
927	2006
c_163e1e96	2006
c_34465dac	2006
c_4c7717f3	2006
1069	2011
1091	2011
1232	2011
161	2011
1637	2011
1642	2011
1644	2011
2047	2011
2048	2011
2049	2011
2050	2011
2069	2011
2321	2011
2322	2011
2387	2011
2519	2011
2520	2011
2957	2011
3156	2011
3174	2011
3176	2011
3178	2011
3180	2011
3181	2011
3183	2011
3611	2011
3948	2011
4078	2011
4079	2011
4333	2011
4350	2011
4380	2011
4381	2011
4385	2011
4402	2011
4405	2011
4477	2011
4499	2011
4500	2011
4600	2011
4645	2011
4789	2011
4793	2011
4836	2011
491	2011
502	2011
5368	2011
5369	2011
5583	2011
5750	2011
5751	2011
5820	2011
5842	2011
5843	2011
5935	2011
6155	2011
812	2011
8552	2011
932	2011
97	2011
1309	2016
2128	2016
2292	2016
2317	2016
2961	2016
3175	2016
3189	2016
3190	2016
3191	2016
4025	2016
4186	2016
4389	2016
4440	2016
4573	2016
4643	2016
4748	2016
4885	2016
613	2016
614	2016
622	2016
946	2016
1054	2021
11	2021
1136	2021
1337	2021
1567	2021
1616	2021
1631	2021
1839	2021
1881	2021
2275	2021
2452	2021
2748	2021
2771	2021
2781	2021
2851	2021
3094	2021
3185	2021
3577	2021
3579	2021
3584	2021
3591	2021
4130	2021
4240	2021
4290	2021
4403	2021
4524	2021
46	2021
4817	2021
482	2021
4828	2021
5151	2021
5367	2021
5393	2021
6081	2021
6115	2021
6145	2021
6146	2021
6173	2021
620	2021
621	2021
6367	2021
8	2021
809	2021
810	2021
811	2021
c_8150867f	2021
1135	2026
1225	2026
1226	2026
138	2026
139	2026
140	2026
1425	2026
143	2026
145	2026
146	2026
147	2026
1996	2026
2750	2026
2836	2026
2871	2026
3193	2026
3195	2026
3197	2026
3198	2026
3201	2026
3202	2026
3642	2026
3643	2026
3678	2026
377	2026
393	2026
396	2026
4036	2026
4099	2026
4122	2026
4131	2026
4198	2026
4208	2026
47	2026
4878	2026
4879	2026
4880	2026
5317	2026
5573	2026
6216	2026
6369	2026
6711	2026
7136	2026
c_a62dbeba	2026
c_e5dbcb63	2026
13	2031
1305	2031
1423	2031
1562	2031
1578	2031
1688	2031
2081	2031
2589	2031
2602	2031
2742	2031
2746	2031
2756	2031
2803	2031
2862	2031
3173	2031
3204	2031
3205	2031
3207	2031
3210	2031
4104	2031
4663	2031
4664	2031
4665	2031
4666	2031
4667	2031
4668	2031
4669	2031
4670	2031
4672	2031
4673	2031
4983	2031
5015	2031
5058	2031
5268	2031
5451	2031
5696	2031
5710	2031
5771	2031
6089	2031
6370	2031
6371	2031
720	2031
722	2031
771	2031
7947	2031
87	2031
893	2031
895	2031
c_8f56da2a	2031
c_f2c7a2f7	2031
1055	2036
1078	2036
1090	2036
1199	2036
1477	2036
1684	2036
1732	2036
1733	2036
2045	2036
229	2036
24	2036
2434	2036
263	2036
2786	2036
3199	2036
3211	2036
3212	2036
3213	2036
3214	2036
3215	2036
3217	2036
3218	2036
3592	2036
3603	2036
3604	2036
3658	2036
407	2036
4280	2036
4288	2036
4289	2036
4291	2036
442884	2036
474	2036
5	2036
5140	2036
5353	2036
6	2036
6010	2036
6901	2036
72	2036
1016	2406
1058	2406
1300	2406
1351	2406
1466	2406
1677	2406
1816	2406
1850	2406
1858	2406
1918	2406
1970	2406
1973	2406
219	2406
2219	2406
2225	2406
300	2406
3186	2406
3225	2406
3239	2406
3449	2406
423	2406
4344	2406
4370	2406
4371	2406
4394	2406
4437	2406
4603	2406
4608	2406
4633	2406
4644	2406
4661	2406
4671	2406
4798	2406
5602	2406
5729	2406
587	2406
6055	2406
6151	2406
6332	2406
6333	2406
6334	2406
6359	2406
6360	2406
665	2406
739	2406
8429	2406
880	2406
882	2406
973	2406
c_062f6587	2406
1075	2411
1676	2411
178	2411
1799	2411
1808	2411
1809	2411
1812	2411
182	2411
1825	2411
1969	2411
1971	2411
1972	2411
1974	2411
1975	2411
204	2411
2220	2411
2240	2411
2365	2411
2486	2411
2510	2411
2960	2411
3220	2411
3227	2411
426	2411
433	2411
4390	2411
4393	2411
4463	2411
4602	2411
4731	2411
4763	2411
5474	2411
5555	2411
5584	2411
5795	2411
5797	2411
5804	2411
5883	2411
5917	2411
5943	2411
5963	2411
6212	2411
6335	2411
729	2411
900	2411
901	2411
902	2411
903	2411
904	2411
c_20fde7af	2411
c_2d0e694e	2411
c_2ffe4574	2411
c_6cfce4be	2411
c_9a1bc51d	2411
c_c565cff5	2411
c_d1f03d01	2411
1130	2416
1452	2416
1476	2416
2149	2416
2151	2416
230	2416
2371	2416
2447	2416
2495	2416
2606	2416
278	2416
285	2416
286	2416
289	2416
290	2416
292	2416
293	2416
295	2416
2959	2416
297	2416
298	2416
3229	2416
3230	2416
3231	2416
3246	2416
3247	2416
3248	2416
3251	2416
3252	2416
3263	2416
3612	2416
3994	2416
408	2416
4118	2416
4195	2416
4356	2416
4738	2416
4752	2416
4774	2416
4784	2416
4795	2416
4806	2416
4813	2416
4814	2416
4815	2416
5023	2416
5089	2416
5090	2416
521	2416
6339	2416
6713	2416
736	2416
742	2416
8432	2416
8469	2416
858	2416
872	2416
c_14d71455	2416
c_7f2d2214	2416
c_896e199b	2416
c_9ffe3bdc	2416
c_dcc650ef	2416
c_dd52c1e9	2416
c_ee45cd99	2416
1459	2421
1485	2421
1630	2421
1787	2421
1790	2421
1804	2421
2002	2421
2098	2421
2150	2421
2386	2421
248	2421
2502	2421
262	2421
2787	2421
2890	2421
294	2421
2946	2421
3233	2421
3235	2421
3236	2421
4187	2421
4263	2421
4491	2421
4493	2421
4642	2421
4646	2421
4749	2421
5153	2421
5156	2421
5157	2421
5240	2421
5362	2421
5465	2421
560	2421
728	2421
947	2421
c_18180cde	2421
c_3e6af2e7	2421
c_834b57c4	2421
c_8f89faac	2421
c_a18525ab	2421
c_a3b85311	2421
c_dcf3f7c0	2421
c_e749c083	2421
c_f007e95f	2421
1000	2426
1001	2426
1002	2426
1003	2426
1007	2426
1014	2426
1132	2426
1488	2426
1489	2426
1490	2426
1491	2426
1492	2426
1494	2426
1495	2426
1496	2426
1497	2426
1952	2426
2394	2426
2463	2426
2466	2426
2798	2426
2805	2426
3148	2426
3240	2426
3674	2426
4226	2426
5154	2426
6025	2426
6714	2426
6902	2426
c_10aa91c7	2426
c_39d242fc	2426
1341	2431
165	2431
2623	2431
2906	2431
3151	2431
3187	2431
3222	2431
3242	2431
3243	2431
3244	2431
3274	2431
3303	2431
3373	2431
34	2431
3477	2431
3541	2431
3567	2431
3590	2431
3599	2431
3630	2431
3673	2431
3706	2431
3723	2431
3728	2431
4166	2431
549	2431
1017	2436
1018	2436
137	2436
1682	2436
1824	2436
2067	2436
2319	2436
2403	2436
2448	2436
3119	2436
3254	2436
3256	2436
4132	2436
424	2436
4241	2436
4282	2436
4569	2436
5021	2436
5050	2436
5052	2436
5054	2436
5062	2436
58	2436
5972	2436
6340	2436
7383	2436
7384	2436
740	2436
843	2436
1012	2441
144	2441
1675	2441
1698	2441
173	2441
189	2441
1959	2441
2574	2441
2615	2441
2698	2441
2799	2441
296	2441
3182	2441
3253	2441
3350	2441
341	2441
3554	2441
3558	2441
368	2441
394	2441
397	2441
398	2441
402	2441
403	2441
4301	2441
4383	2441
4391	2441
5059	2441
5061	2441
508	2441
6028	2441
763	2441
875	2441
917	2441
929	2441
933	2441
1015	2446
1021	2446
1234	2446
1310	2446
1312	2446
1313	2446
1314	2446
1315	2446
1316	2446
1317	2446
1319	2446
1320	2446
1321	2446
1322	2446
1323	2446
1324	2446
1325	2446
1326	2446
1327	2446
1328	2446
1330	2446
1331	2446
170	2446
1985	2446
2230	2446
2504	2446
2900	2446
3261	2446
3262	2446
3264	2446
3298	2446
365	2446
3685	2446
4279	2446
4392	2446
4399	2446
4400	2446
4401	2446
4406	2446
4407	2446
4409	2446
4585	2446
504	2446
530	2446
5566	2446
561	2446
562	2446
5647	2446
57	2446
6029	2446
6342	2446
6343	2446
6736	2446
7351	2446
924	2446
935	2446
c_c586f36c	2446
1025	2451
1039	2451
1072	2451
1348	2451
1354	2451
188	2451
233	2451
2456	2451
2489	2451
2632	2451
2633	2451
2634	2451
2635	2451
2636	2451
2638	2451
2639	2451
2640	2451
2642	2451
2643	2451
2644	2451
2645	2451
2648	2451
2649	2451
2650	2451
2651	2451
2652	2451
2653	2451
2656	2451
2657	2451
2659	2451
2660	2451
2661	2451
2662	2451
2664	2451
2665	2451
2666	2451
2668	2451
2670	2451
2672	2451
2673	2451
2674	2451
2675	2451
2676	2451
2678	2451
2679	2451
2681	2451
2682	2451
2683	2451
2684	2451
2685	2451
2687	2451
2689	2451
3152	2451
3208	2451
3268	2451
3270	2451
3272	2451
4146	2451
4235	2451
4248	2451
4329	2451
4397	2451
460	2451
4623	2451
4818	2451
5011	2451
5155	2451
117	2806
162	2806
1818	2806
2099	2806
2197	2806
2238	2806
2239	2806
2334	2806
2335	2806
2339	2806
2341	2806
2398	2806
2501	2806
3168	2806
3301	2806
3302	2806
3305	2806
3307	2806
3309	2806
3311	2806
3312	2806
3314	2806
3315	2806
3316	2806
3317	2806
4007	2806
4184	2806
4234	2806
4278	2806
4504	2806
4513	2806
4525	2806
4581	2806
483	2806
5159	2806
5296	2806
5345	2806
5390	2806
540	2806
570	2806
5961	2806
6534	2806
6535	2806
6536	2806
6537	2806
6538	2806
6539	2806
6625	2806
719	2806
7352	2806
74	2806
7414	2806
759	2806
761	2806
762	2806
8448	2806
965	2806
966	2806
967	2806
1302	2811
1462	2811
185	2811
1909	2811
1910	2811
1911	2811
1912	2811
1913	2811
1914	2811
1915	2811
1916	2811
1917	2811
1920	2811
1921	2811
1922	2811
1923	2811
1924	2811
1925	2811
1948	2811
2065	2811
2509	2811
259	2811
3320	2811
3322	2811
3323	2811
4495	2811
6540	2811
6541	2811
724	2811
760	2811
934	2811
977	2811
c_b0c14f45	2811
1528	2816
160	2816
1773	2816
1864	2816
1865	2816
1949	2816
1991	2816
1992	2816
1993	2816
2029	2816
2092	2816
2333	2816
2340	2816
2480	2816
2484	2816
2554	2816
2558	2816
2559	2816
2594	2816
2908	2816
3245	2816
3300	2816
3318	2816
3324	2816
3327	2816
3337	2816
3460	2816
3464	2816
385	2816
389	2816
405	2816
4231	2816
4259	2816
4343	2816
4852	2816
52	2816
5280	2816
5281	2816
5799	2816
589	2816
6543	2816
6544	2816
66	2816
758	2816
974	2816
975	2816
c_c825b20c	2816
1202	2821
1205	2821
1353	2821
1420	2821
1470	2821
1820	2821
1951	2821
2083	2821
2870	2821
2873	2821
3486	2821
3487	2821
4214	2821
4229	2821
4277	2821
4305	2821
4881	2821
5653	2821
5690	2821
5997	2821
5998	2821
5999	2821
6000	2821
6001	2821
6002	2821
6003	2821
6545	2821
6546	2821
7131	2821
7339	2821
7361	2821
772	2821
83	2821
85	2821
86	2821
c_6c4d5118	2821
101	2826
1133	2826
1162	2826
1231	2826
1373	2826
1404	2826
1469	2826
1527	2826
1530	2826
1691	2826
1700	2826
1708	2826
1710	2826
1764	2826
1817	2826
1990	2826
2174	2826
2265	2826
2270	2826
2517	2826
2690	2826
282	2826
2823	2826
2944	2826
3118	2826
3179	2826
3250	2826
3329	2826
3330	2826
3331	2826
3334	2826
3335	2826
3336	2826
3338	2826
3339	2826
3340	2826
3341	2826
3343	2826
3344	2826
3346	2826
3347	2826
3348	2826
3349	2826
3351	2826
3352	2826
3353	2826
3608	2826
3609	2826
3613	2826
3702	2826
3705	2826
374	2826
3748	2826
375	2826
3919	2826
4086	2826
4245	2826
432	2826
4323	2826
4374	2826
442958	2826
442990	2826
443600	2826
443629	2826
4470	2826
4471	2826
4475	2826
4564	2826
4634	2826
4702	2826
4706	2826
4728	2826
4767	2826
4768	2826
5060	2826
5099	2826
5160	2826
5166	2826
5167	2826
5168	2826
5169	2826
5170	2826
5291	2826
5314	2826
5323	2826
5325	2826
5382	2826
5395	2826
5396	2826
5484	2826
5512	2826
5560	2826
5634	2826
5636	2826
5723	2826
5766	2826
580	2826
5800	2826
5903	2826
5909	2826
5956	2826
6046	2826
6105	2826
6113	2826
6121	2826
6215	2826
6253	2826
6542	2826
6547	2826
6548	2826
6549	2826
6550	2826
6552	2826
6553	2826
6554	2826
6555	2826
6556	2826
6557	2826
6738	2826
6739	2826
6743	2826
7195	2826
81	2826
8461	2826
8471	2826
8472	2826
853	2826
c_34242feb	2826
c_3a9ccfe3	2826
c_67699417	2826
c_6e3cbbca	2826
c_d6ede0c7	2826
c_e2de1ffd	2826
1244	2831
1364	2831
1454	2831
1508	2831
1536	2831
1680	2831
1780	2831
2022	2831
2023	2831
2122	2831
2278	2831
2459	2831
2471	2831
2688	2831
2697	2831
2810	2831
283	2831
2840	2831
317	2831
3200	2831
3257	2831
326	2831
3296	2831
3297	2831
3598	2831
3601	2831
3904	2831
4089	2831
4096	2831
4097	2831
4098	2831
4100	2831
4101	2831
4102	2831
4103	2831
4105	2831
4112	2831
439	2831
442	2831
450925	2831
4837	2831
4873	2831
4877	2831
5030	2831
5162	2831
5163	2831
5164	2831
5165	2831
5171	2831
5297	2831
5322	2831
5513	2831
5667	2831
5747	2831
5882	2831
5896	2831
5987	2831
5994	2831
5996	2831
6009	2831
6558	2831
6559	2831
6560	2831
6561	2831
6562	2831
6563	2831
7342	2831
7371	2831
7374	2831
7387	2831
7397	2831
8442	2831
c_57946f1a	2831
c_827bea7d	2831
c_847fc9f2	2831
c_e9ccc5a7	2831
1004	2836
102	2836
103	2836
105	2836
108	2836
1369	2836
1389	2836
1399	2836
250	2836
2601	2836
2604	2836
2605	2836
2929	2836
3249	2836
331	2836
3332	2836
3357	2836
3358	2836
3359	2836
3360	2836
3361	2836
3362	2836
3412	2836
3512	2836
3751	2836
4028	2836
4050	2836
4143	2836
4209	2836
4494	2836
6233	2836
6564	2836
6924	2836
7382	2836
7946	2836
7981	2836
826	2836
c_16e35fe6	2836
1084	2841
1153	2841
1181	2841
1256	2841
1268	2841
1279	2841
1284	2841
1304	2841
1415	2841
1442	2841
1480	2841
1590	2841
1594	2841
1596	2841
1754	2841
1756	2841
1757	2841
1758	2841
1759	2841
1760	2841
1762	2841
1770	2841
181	2841
1852	2841
1854	2841
1855	2841
1859	2841
192	2841
1997	2841
2078	2841
2318	2841
2446	2841
2479	2841
273	2841
2773	2841
2785	2841
2789	2841
2790	2841
2843	2841
2855	2841
2923	2841
3284	2841
3285	2841
3286	2841
3287	2841
3288	2841
3289	2841
3356	2841
3364	2841
3365	2841
3366	2841
3368	2841
3369	2841
3370	2841
3371	2841
3372	2841
3375	2841
3593	2841
3594	2841
3595	2841
3596	2841
3597	2841
3730	2841
3813	2841
3815	2841
3844	2841
3885	2841
4116	2841
4230	2841
4306	2841
434	2841
4455	2841
4474	2841
4635	2841
4636	2841
464	2841
465	2841
4733	2841
4849	2841
5104	2841
5172	2841
5292	2841
5293	2841
5305	2841
5306	2841
5307	2841
5431	2841
5487	2841
5594	2841
5689	2841
5714	2841
5715	2841
5716	2841
5717	2841
5718	2841
5719	2841
5720	2841
5721	2841
5731	2841
5732	2841
5733	2841
5734	2841
5752	2841
5764	2841
5785	2841
5810	2841
5818	2841
5821	2841
5878	2841
5881	2841
5894	2841
5899	2841
5900	2841
5902	2841
5907	2841
5911	2841
5914	2841
5916	2841
5921	2841
5934	2841
5938	2841
5939	2841
5951	2841
5970	2841
6152	2841
6565	2841
6566	2841
6567	2841
6568	2841
6569	2841
6570	2841
6741	2841
6903	2841
6904	2841
6929	2841
7135	2841
7354	2841
7355	2841
7396	2841
837	2841
838	2841
8447	2841
876	2841
961	2841
c_1000336b	2841
c_1af36ac9	2841
c_28750470	2841
c_31da5694	2841
c_41ef4cb8	2841
c_4523e1dd	2841
c_4ee83dea	2841
c_60d3928d	2841
c_6f563894	2841
c_7951978e	2841
c_7dda56e2	2841
c_8c634c9b	2841
c_9b88f778	2841
c_aaa8331c	2841
c_abfaf2ea	2841
c_c4afa011	2841
c_cbdf29ef	2841
1221	2846
1222	2846
1223	2846
1456	2846
1687	2846
1690	2846
1692	2846
1693	2846
1694	2846
1695	2846
1703	2846
1805	2846
1861	2846
1897	2846
2327	2846
2361	2846
2391	2846
2475	2846
2496	2846
2691	2846
271	2846
2806	2846
3124	2846
3134	2846
3281	2846
3376	2846
3377	2846
3378	2846
3380	2846
4058	2846
4167	2846
4243	2846
4442	2846
4443	2846
4598	2846
4606	2846
4618	2846
4619	2846
4709	2846
4710	2846
4711	2846
4712	2846
4741	2846
476	2846
477	2846
4787	2846
4799	2846
4804	2846
4809	2846
4834	2846
4850	2846
4874	2846
490	2846
507	2846
515	2846
5173	2846
5230	2846
5309	2846
5429	2846
547	2846
5488	2846
5553	2846
556	2846
5712	2846
591	2846
6033	2846
6035	2846
662	2846
6737	2846
6740	2846
7359	2846
7395	2846
775	2846
7959	2846
847	2846
851	2846
861	2846
c_d59e7560	2846
1419	3206
1597	3206
2313	3206
2397	3206
2467	3206
269	3206
280	3206
2932	3206
3683	3206
384	3206
3968	3206
4072	3206
5175	3206
5176	3206
5177	3206
5178	3206
590	3206
5905	3206
668	3206
669	3206
671	3206
673	3206
674	3206
675	3206
676	3206
6763	3206
677	3206
6905	3206
779	3206
781	3206
854	3206
1070	3211
1071	3211
1581	3211
1582	3211
2059	3211
3276	3211
3277	3211
4150	3211
4151	3211
5174	3211
5603	3211
5687	3211
627	3211
628	3211
629	3211
630	3211
631	3211
670	3211
672	3211
678	3211
679	3211
680	3211
681	3211
682	3211
778	3211
780	3211
782	3211
783	3211
784	3211
785	3211
787	3211
788	3211
789	3211
790	3211
791	3211
792	3211
793	3211
794	3211
795	3211
796	3211
798	3211
799	3211
800	3211
801	3211
873	3211
1081	3216
1098	3216
1380	3216
1444	3216
1784	3216
184	3216
1927	3216
1950	3216
2175	3216
2195	3216
2196	3216
2794	3216
2973	3216
3177	3216
3216	3216
3278	3216
3279	3216
3280	3216
3606	3216
3615	3216
373	3216
4357	3216
446	3216
4534	3216
4554	3216
4705	3216
48	3216
5094	3216
5102	3216
5266	3216
6037	3216
684	3216
716	3216
7341	3216
7388	3216
777	3216
88	3216
897	3216
898	3216
925	3216
c_243b7be2	3216
1076	3221
1079	3221
1350	3221
1533	3221
1681	3221
1705	3221
1752	3221
1902	3221
1962	3221
1978	3221
242	3221
2492	3221
2859	3221
2860	3221
2891	3221
2894	3221
2896	3221
2918	3221
3032	3221
31	3221
3342	3221
3930	3221
4134	3221
4135	3221
4137	3221
4138	3221
4139	3221
4144	3221
4168	3221
4295	3221
4366	3221
438	3221
441	3221
444	3221
4456	3221
451	3221
452	3221
4626	3221
486	3221
4864	3221
4865	3221
4866	3221
4867	3221
4868	3221
4869	3221
487	3221
4870	3221
4905	3221
492	3221
493	3221
494	3221
5066	3221
5109	3221
5272	3221
5274	3221
5277	3221
5311	3221
5340	3221
5356	3221
5568	3221
5627	3221
5628	3221
5665	3221
6004	3221
6067	3221
617	3221
6188	3221
6189	3221
6190	3221
6191	3221
6764	3221
6765	3221
6766	3221
6767	3221
6768	3221
6769	3221
7130	3221
7363	3221
7364	3221
7368	3221
7369	3221
7379	3221
7398	3221
774	3221
78	3221
8414	3221
8470	3221
c_25ddd844	3221
c_40f54e0c	3221
c_65366e84	3221
c_9a9e5627	3221
c_cdec6719	3221
1332	3226
1363	3226
1366	3226
1370	3226
1385	3226
1392	3226
1629	3226
1745	3226
175	3226
1984	3226
2012	3226
2013	3226
2125	3226
2176	3226
2185	3226
2473	3226
2566	3226
2599	3226
2600	3226
2883	3226
29	3226
30	3226
3010	3226
3011	3226
3012	3226
3014	3226
3015	3226
3017	3226
3018	3226
3019	3226
3021	3226
3022	3226
3255	3226
3580	3226
3855	3226
3856	3226
3860	3226
3867	3226
3868	3226
3869	3226
3871	3226
3872	3226
3873	3226
3875	3226
395	3226
4133	3226
4331	3226
435228	3226
4361	3226
4384	3226
4424	3226
4425	3226
4428	3226
4429	3226
4431	3226
4432	3226
4433	3226
443345	3226
4502	3226
4698	3226
4699	3226
5179	3226
5180	3226
5182	3226
5183	3226
5184	3226
5185	3226
5186	3226
5187	3226
5188	3226
5189	3226
5190	3226
5191	3226
5192	3226
5193	3226
5194	3226
5195	3226
5320	3226
5348	3226
5477	3226
5569	3226
5745	3226
5793	3226
5808	3226
6088	3226
6104	3226
6110	3226
6139	3226
6177	3226
6178	3226
6182	3226
667	3226
6770	3226
6771	3226
6772	3226
6773	3226
6774	3226
6775	3226
6776	3226
6777	3226
6906	3226
6907	3226
7950	3226
8413	3226
8418	3226
c_12e208c8	3226
c_25fe24f4	3226
c_324b44f1	3226
c_32e52346	3226
c_415bab24	3226
c_a17a2156	3226
c_b12a760a	3226
c_ccac12ef	3226
1367	3231
1422	3231
1482	3231
156	3231
2472	3231
3030	3231
3404	3231
3422	3231
3585	3231
4220	3231
4330	3231
4359	3231
437539	3231
437655	3231
443	3231
4441	3231
4478	3231
4486	3231
4501	3231
453	3231
5196	3231
5200	3231
5351	3231
5422	3231
5884	3231
6120	3231
6140	3231
616	3231
6176	3231
6909	3231
7939	3231
92	3231
c_5ea6e5c4	3231
c_bf1e2c81	3231
c_d02647e2	3231
1405	3236
1426	3236
1427	3236
1428	3236
1429	3236
1431	3236
1696	3236
2157	3236
3023	3236
3024	3236
3026	3236
3027	3236
3028	3236
3033	3236
3607	3236
3701	3236
3704	3236
3740	3236
435299	3236
4426	3236
4430	3236
4487	3236
4488	3236
4821	3236
5071	3236
5181	3236
5197	3236
5198	3236
5199	3236
5333	3236
5334	3236
5355	3236
5358	3236
5441	3236
5473	3236
5476	3236
5520	3236
5595	3236
5601	3236
5613	3236
5635	3236
5671	3236
5684	3236
5705	3236
5828	3236
5862	3236
5863	3236
5893	3236
5915	3236
5919	3236
5920	3236
5922	3236
5924	3236
5929	3236
5949	3236
6019	3236
6030	3236
6126	3236
6192	3236
6261	3236
6262	3236
6275	3236
6276	3236
6778	3236
6779	3236
6908	3236
773	3236
c_04ae3ba8	3236
c_433922a6	3236
c_4cd4362b	3236
c_715c08c0	3236
c_dea47e63	3236
c_f53bfc88	3236
1147	3606
1148	3606
1149	3606
1150	3606
1151	3606
1152	3606
1246	3606
1276	3606
1278	3606
1835	3606
1892	3606
1896	3606
1936	3606
2114	3606
2232	3606
2367	3606
2373	3606
2376	3606
3282	3606
3291	3606
3292	3606
3293	3606
3294	3606
3790	3606
3925	3606
3931	3606
3941	3606
3946	3606
3949	3606
3952	3606
4107	3606
4108	3606
4109	3606
4110	3606
4176	3606
442765	3606
442791	3606
4770	3606
4810	3606
4889	3606
4921	3606
5028	3606
5269	3606
5287	3606
5298	3606
5299	3606
5300	3606
5301	3606
5303	3606
5338	3606
5608	3606
5651	3606
5740	3606
5966	3606
5968	3606
6111	3606
6260	3606
632	3606
6381	3606
6382	3606
6383	3606
6384	3606
6385	3606
6386	3606
6387	3606
6388	3606
6389	3606
6390	3606
6391	3606
6392	3606
6715	3606
6716	3606
6744	3606
685	3606
707	3606
709	3606
710	3606
7218	3606
7360	3606
7410	3606
7955	3606
8438	3606
c_2c5a05a0	3606
c_a935cf3f	3606
c_ff4dd793	3606
1245	3611
1580	3611
1670	3611
1989	3611
2019	3611
2369	3611
2453	3611
2856	3611
307	3611
3923	3611
3928	3611
3933	3611
3947	3611
3956	3611
4094	3611
4205	3611
435265	3611
442850	3611
443048	3611
443080	3611
4888	3611
5661	3611
5662	3611
5663	3611
5664	3611
5700	3611
5701	3611
5702	3611
5703	3611
5704	3611
5803	3611
6394	3611
6395	3611
7362	3611
7389	3611
7391	3611
7392	3611
7393	3611
7394	3611
7812	3611
7941	3611
892	3611
c_104476d7	3611
c_b8e8e06e	3611
110	4006
1122	4006
115	4006
1193	4006
1301	4006
1307	4006
150	4006
1672	4006
1674	4006
1956	4006
2129	4006
215	4006
2264	4006
2469	4006
2831	4006
2889	4006
3004	4006
3121	4006
3122	4006
3542	4006
3543	4006
3582	4006
3583	4006
380	4006
3821	4006
4115	4006
4158	4006
4203	4006
4300	4006
4313	4006
437	4006
447	4006
4492	4006
45	4006
4703	4006
5081	4006
5205	4006
5218	4006
5372	4006
5374	4006
5389	4006
554	4006
6174	4006
644	4006
6748	4006
6749	4006
6750	4006
6751	4006
6752	4006
6753	4006
69	4006
7201	4006
733	4006
7942	4006
7948	4006
7956	4006
871	4006
960	4006
998	4006
999	4006
c_5a7a0d82	4006
c_5f90006e	4006
1178	4011
2016	4011
2358	4011
2359	4011
3005	4011
445	4011
5206	4011
5985	4011
6754	4011
6755	4011
6756	4011
813	4011
814	4011
815	4011
816	4011
817	4011
819	4011
820	4011
821	4011
822	4011
823	4011
824	4011
827	4011
828	4011
829	4011
830	4011
1051	4016
1200	4016
1247	4016
227	4016
3007	4016
3060	4016
3896	4016
4189	4016
4190	4016
4191	4016
4192	4016
4193	4016
4194	4016
4196	4016
4199	4016
4200	4016
4201	4016
4202	4016
4204	4016
5658	4016
6757	4016
874	4016
1154	4021
1156	4021
1161	4021
1164	4021
1165	4021
174	4021
1782	4021
1811	4021
2165	4021
2629	4021
2792	4021
3443	4021
4286	4021
4360	4021
4413	4021
4855	4021
5480	4021
6064	4021
6910	4021
7926	4021
894	4021
918	4021
928	4021
c_03f9a8ac	4021
c_406ad4cc	4021
c_5b447e3a	4021
1057	4026
1083	4026
1155	4026
1333	4026
1673	4026
1711	4026
1721	4026
1791	4026
1815	4026
2216	4026
2217	4026
2355	4026
264	4026
265	4026
266	4026
267	4026
268	4026
2724	4026
275	4026
276	4026
277	4026
279	4026
2864	4026
2911	4026
3283	4026
3446	4026
3602	4026
367	4026
392	4026
409	4026
4641	4026
4675	4026
4842	4026
4884	4026
5092	4026
5202	4026
5270	4026
54	4026
55	4026
5964	4026
60	4026
6013	4026
61	4026
62	4026
6210	4026
63	4026
957	4026
c_0e4239f5	4026
c_441fb0c4	4026
c_b3d1a308	4026
c_fa8f51b0	4026
1591	4031
1592	4031
1635	4031
1662	4031
183	4031
1979	4031
1980	4031
1981	4031
1982	4031
2100	4031
2134	4031
2135	4031
2474	4031
2565	4031
2646	4031
2696	4031
2837	4031
2863	4031
2993	4031
2998	4031
3006	4031
3008	4031
3145	4031
3306	4031
354	4031
3581	4031
4242	4031
4309	4031
435330	4031
4574	4031
478	4031
519	4031
5267	4031
5332	4031
539	4031
5541	4031
588	4031
6134	4031
64	4031
75	4031
76	4031
802	4031
803	4031
804	4031
805	4031
806	4031
931	4031
104	4406
1073	4406
1074	4406
1343	4406
1627	4406
1634	4406
1638	4406
1646	4406
1647	4406
1648	4406
1742	4406
2284	4406
2330	4406
2427	4406
2454	4406
2468	4406
284	4406
2904	4406
3515	4406
3516	4406
3518	4406
3519	4406
3520	4406
3522	4406
3523	4406
3524	4406
3525	4406
3527	4406
3529	4406
3530	4406
3532	4406
3534	4406
3552	4406
3623	4406
3626	4406
4029	4406
4299	4406
4332	4406
4544	4406
4547	4406
4548	4406
4549	4406
4552	4406
4700	4406
506	4406
532	4406
5329	4406
545	4406
5940	4406
5941	4406
5974	4406
5975	4406
5976	4406
5977	4406
5978	4406
5979	4406
5980	4406
5981	4406
5982	4406
5983	4406
6008	4406
6099	4406
6236	4406
6344	4406
6345	4406
6346	4406
6347	4406
6718	4406
7191	4406
7209	4406
7210	4406
7212	4406
731	4406
7810	4406
7811	4406
7943	4406
7949	4406
8549	4406
c_090e8e94	4406
1529	4411
1737	4411
1739	4411
1740	4411
1783	4411
1802	4411
1946	4411
2126	4411
2207	4411
2208	4411
2209	4411
2276	4411
2550	4411
2552	4411
2553	4411
2555	4411
2593	4411
2784	4411
2788	4411
2868	4411
3325	4411
3537	4411
3539	4411
3540	4411
3545	4411
372	4411
376	4411
3854	4411
4054	4411
4113	4411
4276	4411
4555	4411
4556	4411
4557	4411
4558	4411
4559	4411
4561	4411
4562	4411
4563	4411
481	4411
4851	4411
5080	4411
5084	4411
5085	4411
5207	4411
5275	4411
5632	4411
5743	4411
5755	4411
5986	4411
6348	4411
6350	4411
6351	4411
6353	4411
6354	4411
6717	4411
6745	4411
732	4411
735	4411
c_95b02746	4411
c_9eb9cbaa	4411
c_a9a17fe5	4411
106	4416
107	4416
1243	4416
1257	4416
1259	4416
1273	4416
1280	4416
1334	4416
1503	4416
1535	4416
163	4416
1653	4416
1761	4416
1853	4416
1926	4416
2184	4416
2375	4416
2728	4416
2857	4416
2953	4416
3321	4416
3354	4416
3547	4416
3548	4416
3550	4416
3907	4416
4039	4416
4435	4416
4439	4416
4543	4416
4546	4416
4550	4416
4551	4416
4553	4416
5208	4416
5339	4416
5612	4416
592	4416
593	4416
6273	4416
82	4416
825	4416
855	4416
896	4416
c_2efea99f	4416
c_e4f135ba	4416
1026	4421
1163	4421
1349	4421
166	4421
1866	4421
2267	4421
2342	4421
2491	4421
2619	4421
2807	4421
2943	4421
3273	4421
3553	4421
3555	4421
3556	4421
3557	4421
3559	4421
3562	4421
3653	4421
3664	4421
3688	4421
3843	4421
3845	4421
3847	4421
3849	4421
3850	4421
4090	4421
414	4421
4273	4421
4820	4421
5436	4421
5475	4421
5869	4421
6150	4421
625	4421
6355	4421
6356	4421
6357	4421
687	4421
1186	4426
1424	4426
1443	4426
157	4426
1689	4426
194	4426
2046	4426
2082	4426
2161	4426
2178	4426
2266	4426
2279	4426
238	4426
3209	4426
3363	4426
3374	4426
3417	4426
3564	4426
3566	4426
3569	4426
3571	4426
3572	4426
3573	4426
3574	4426
3575	4426
4000	4426
4233	4426
4252	4426
4887	4426
533	4426
5521	4426
5522	4426
5527	4426
557	4426
5587	4426
5588	4426
5604	4426
6022	4426
6026	4426
6051	4426
6084	4426
7188	4426
8416	4426
98	4426
1099	4806
1433	4806
1645	4806
172	4806
2206	4806
2301	4806
2325	4806
2326	4806
2400	4806
2457	4806
2494	4806
2641	4806
2663	4806
2671	4806
2865	4806
3100	4806
3101	4806
3103	4806
3107	4806
3108	4806
3109	4806
3110	4806
3111	4806
3115	4806
3116	4806
3117	4806
3131	4806
3143	4806
3160	4806
3266	4806
3269	4806
4033	4806
4047	4806
4162	4806
4318	4806
4378	4806
4379	4806
4382	4806
4386	4806
4387	4806
4398	4806
4464	4806
4536	4806
4805	4806
5212	4806
5213	4806
5214	4806
5215	4806
5295	4806
531	4806
5324	4806
555	4806
5887	4806
5889	4806
5908	4806
6020	4806
6021	4806
648	4806
6850	4806
6912	4806
730	4806
8452	4806
c_28c51c2a	4806
c_9a27a573	4806
c_a02c420c	4806
1142	4811
158	4811
1655	4811
1954	4811
2015	4811
2132	4811
2181	4811
2343	4811
2349	4811
2350	4811
2352	4811
2433	4811
254	4811
3089	4811
3090	4811
3097	4811
3098	4811
3113	4811
3114	4811
3120	4811
3428	4811
3614	4811
3681	4811
4152	4811
4506	4811
4508	4811
4509	4811
4510	4811
4511	4811
4512	4811
4516	4811
4517	4811
4518	4811
4519	4811
4521	4811
4526	4811
4527	4811
4528	4811
4529	4811
4530	4811
4531	4811
4532	4811
4535	4811
4537	4811
4538	4811
4540	4811
4541	4811
4542	4811
4622	4811
4651	4811
4652	4811
4654	4811
4655	4811
4656	4811
467	4811
468	4811
469	4811
4769	4811
5111	4811
5152	4811
5331	4811
5388	4811
5391	4811
5392	4811
5401	4811
5865	4811
6848	4811
6849	4811
6851	4811
6852	4811
818	4811
848	4811
c_4c441ea0	4811
1195	4816
1283	4816
193	4816
2233	4816
2234	4816
2385	4816
3127	4816
3430	4816
3438	4816
4197	4816
4261	4816
4345	4816
4514	4816
4520	4816
4533	4816
4539	4816
4653	4816
4657	4816
4658	4816
4737	4816
4739	4816
4740	4816
5209	4816
6854	4816
7358	4816
c_b3e9d826	4816
1032	4821
1036	4821
1037	4821
1447	4821
2040	4821
2041	4821
2043	4821
2044	4821
2282	4821
2283	4821
2316	4821
2512	4821
2513	4821
2571	4821
3105	4821
3129	4821
3130	4821
3435	4821
3700	4821
4515	4821
4522	4821
4735	4821
4736	4821
4827	4821
4830	4821
4832	4821
5077	4821
5101	4821
5103	4821
5210	4821
5211	4821
569	4821
6911	4821
7945	4821
985	4821
1033	4826
1238	4826
195	4826
2039	4826
3092	4826
3093	4826
3125	4826
3905	4826
4408	4826
4438	4826
4505	4826
5216	4826
5239	4826
5471	4826
5677	4826
5699	4826
6855	4826
8463	4826
c_52792cef	4826
c_681e6d24	4826
c_c8c80a5b	4826
c_ea3f5ed2	4826
1157	5206
1158	5206
1160	5206
134	5206
141	5206
1706	5206
1707	5206
1709	5206
1741	5206
177	5206
2060	5206
2080	5206
2235	5206
2470	5206
2611	5206
2626	5206
272	5206
2824	5206
2825	5206
2826	5206
2827	5206
2830	5206
2841	5206
2869	5206
2877	5206
2919	5206
2947	5206
3128	5206
3132	5206
3133	5206
3136	5206
3137	5206
3138	5206
3139	5206
3140	5206
3141	5206
3142	5206
3144	5206
3457	5206
4074	5206
4075	5206
4076	5206
4335	5206
434743	5206
434786	5206
434843	5206
434880	5206
434909	5206
434938	5206
434966	5206
435007	5206
4485	5206
4628	5206
4801	5206
4853	5206
4891	5206
5225	5206
535	5206
5533	5206
5593	5206
5672	5206
5682	5206
5754	5206
5782	5206
5794	5206
5839	5206
5912	5206
6396	5206
6397	5206
6398	5206
6400	5206
6401	5206
6402	5206
718	5206
840	5206
8451	5206
8550	5206
919	5206
940	5206
941	5206
c_165899a6	5206
c_749f2ce9	5206
c_82916123	5206
c_98d1408a	5206
c_bb1a60eb	5206
c_d8ba2fe4	5206
c_d978c1fc	5206
1030	5211
1049	5211
1050	5211
1169	5211
1287	5211
1683	5211
1775	5211
1776	5211
1870	5211
1871	5211
1872	5211
1875	5211
1877	5211
1879	5211
1983	5211
1987	5211
2107	5211
2108	5211
2109	5211
2110	5211
2111	5211
2112	5211
2215	5211
2389	5211
2423	5211
2503	5211
260	5211
3146	5211
3147	5211
3149	5211
3150	5211
3153	5211
3154	5211
3414	5211
3528	5211
3531	5211
3535	5211
3536	5211
3538	5211
3546	5211
3549	5211
3551	5211
3687	5211
3967	5211
415	5211
450869	5211
4785	5211
4786	5211
4792	5211
4796	5211
4797	5211
4803	5211
4807	5211
4808	5211
4940	5211
5220	5211
5221	5211
5222	5211
5223	5211
5224	5211
5439	5211
5463	5211
5464	5211
5676	5211
5697	5211
5722	5211
5727	5211
5735	5211
5736	5211
5737	5211
5741	5211
5742	5211
5760	5211
5791	5211
5857	5211
5874	5211
5895	5211
597	5211
599	5211
600	5211
6011	5211
602	5211
607	5211
608	5211
609	5211
610	5211
6403	5211
6404	5211
6405	5211
6406	5211
664	5211
8303	5211
833	5211
844	5211
8444	5211
8445	5211
8446	5211
865	5211
89	5211
972	5211
c_0e092eaf	5211
c_1c2d26cf	5211
c_25e0bb6d	5211
c_3212cc75	5211
c_3897ba70	5211
c_9055e9e1	5211
c_93670e37	5211
c_a2e1def8	5211
c_d701b19c	5211
1140	5216
1269	5216
1335	5216
1440	5216
2063	5216
2090	5216
243	5216
2521	5216
2522	5216
2523	5216
2524	5216
2526	5216
2527	5216
2528	5216
2529	5216
2530	5216
2531	5216
2532	5216
2533	5216
2534	5216
2535	5216
2537	5216
2538	5216
2539	5216
2540	5216
2541	5216
2542	5216
2572	5216
2759	5216
3135	5216
3155	5216
3157	5216
3158	5216
3159	5216
3161	5216
3162	5216
3163	5216
3164	5216
3188	5216
339	5216
343	5216
344	5216
345	5216
346	5216
3469	5216
347	5216
371	5216
3988	5216
412	5216
413	5216
4141	5216
416	5216
4165	5216
420	5216
4307	5216
4308	5216
433963	5216
4800	5216
4802	5216
5048	5216
5294	5216
5319	5216
5336	5216
5482	5216
5565	5216
5605	5216
5650	5216
5683	5216
5798	5216
5890	5216
5958	5216
6103	5216
612	5216
6407	5216
6408	5216
6409	5216
6410	5216
6411	5216
6412	5216
6413	5216
6414	5216
6720	5216
6747	5216
686	5216
856	5216
916	5216
c_2b70515a	5216
c_667f2c16	5216
c_be0de7b7	5216
c_fa0acac6	5216
1445	5606
1475	5606
1595	5606
1598	5606
1788	5606
1789	5606
1849	5606
191	5606
1988	5606
2173	5606
2442	5606
2443	5606
2444	5606
2445	5606
2511	5606
2915	5606
2965	5606
2969	5606
2970	5606
2971	5606
2979	5606
4117	5606
4236	5606
4255	5606
4395	5606
579	5606
604	5606
6048	5606
6100	5606
6308	5606
6309	5606
6310	5606
6311	5606
6312	5606
6313	5606
638	5606
645	5606
7204	5606
755	5606
8459	5606
870	5606
984	5606
c_8b0ac3e2	5606
1144	5611
1201	5611
131	5611
1342	5611
1686	5611
1958	5611
2068	5611
2194	5611
222	5611
2477	5611
2493	5611
2620	5611
2621	5611
2622	5611
2624	5611
2892	5611
2893	5611
2934	5611
2935	5611
2937	5611
2938	5611
2972	5611
2974	5611
2975	5611
2976	5611
2977	5611
3265	5611
3576	5611
4298	5611
4312	5611
4404	5611
4771	5611
5096	5611
5373	5611
5950	5611
926	5611
1179	5616
1525	5616
1738	5616
1890	5616
1947	5616
2017	5616
2237	5616
228	5616
2360	5616
2551	5616
2655	5616
2667	5616
2709	5616
2725	5616
2727	5616
2814	5616
2978	5616
2980	5616
2981	5616
2983	5616
2984	5616
3009	5616
3275	5616
3424	5616
3605	5616
3679	5616
3682	5616
4257	5616
4327	5616
4337	5616
4339	5616
4358	5616
4446	5616
4613	5616
4811	5616
4876	5616
5226	5616
559	5616
577	5616
586	5616
5906	5616
595	5616
615	5616
6314	5616
6315	5616
6316	5616
808	5616
936	5616
937	5616
938	5616
939	5616
942	5616
944	5616
962	5616
963	5616
964	5616
982	5616
983	5616
1483	5621
1521	5621
1534	5621
1577	5621
2410	5621
2419	5621
2536	5621
2544	5621
2596	5621
2680	5621
2842	5621
2925	5621
319	5621
325	5621
327	5621
328	5621
3345	5621
370	5621
4142	5621
4338	5621
4363	5621
4412	5621
4444	5621
4445	5621
4447	5621
4448	5621
4450	5621
4490	5621
4630	5621
4674	5621
4708	5621
568	5621
624	5621
6317	5621
6318	5621
636	5621
832	5621
1146	5626
152	5626
1719	5626
1722	5626
2014	5626
2204	5626
2211	5626
2357	5626
2409	5626
2560	5626
2985	5626
2987	5626
4081	5626
4388	5626
4476	5626
4484	5626
4612	5626
4637	5626
4638	5626
4639	5626
4650	5626
5012	5626
5034	5626
5227	5626
5252	5626
5962	5626
6319	5626
6918	5626
6928	5626
764	5626
765	5626
767	5626
842	5626
846	5626
c_39cda9ba	5626
1031	5631
1167	5631
1224	5631
1233	5631
1260	5631
1277	5631
1585	5631
1612	5631
1755	5631
1763	5631
1856	5631
1888	5631
1898	5631
1908	5631
1919	5631
1929	5631
1937	5631
2025	5631
2115	5631
2131	5631
2356	5631
2396	5631
2625	5631
2711	5631
2723	5631
2734	5631
2988	5631
2989	5631
2990	5631
318	5631
320	5631
322	5631
323	5631
324	5631
329	5631
330	5631
3308	5631
3408	5631
3409	5631
4095	5631
4163	5631
4225	5631
4251	5631
4427	5631
4576	5631
4734	5631
4743	5631
4745	5631
4746	5631
4747	5631
4854	5631
5047	5631
5462	5631
5792	5631
5877	5631
6112	5631
6124	5631
6320	5631
6321	5631
6322	5631
711	5631
713	5631
7133	5631
715	5631
721	5631
768	5631
8464	5631
994	5631
1063	5636
1064	5636
1065	5636
1066	5636
1067	5636
1068	5636
1513	5636
2404	5636
2415	5636
2426	5636
2505	5636
2920	5636
2992	5636
2994	5636
2995	5636
2996	5636
2997	5636
4336	5636
4352	5636
5016	5636
5219	5636
5316	5636
563	5636
6323	5636
6324	5636
6325	5636
6326	5636
6327	5636
6328	5636
6329	5636
6331	5636
651	5636
6721	5636
8437	5636
943	5636
1035	5641
1159	5641
1204	5641
133	5641
1372	5641
1652	5641
1961	5641
2304	5641
2305	5641
2306	5641
2307	5641
2308	5641
2309	5641
2310	5641
2311	5641
2320	5641
2323	5641
2329	5641
2384	5641
2395	5641
2411	5641
2435	5641
2436	5641
2437	5641
2438	5641
2455	5641
2476	5641
2556	5641
2561	5641
2718	5641
2872	5641
2879	5641
2921	5641
2999	5641
3000	5641
3001	5641
313	5641
3544	5641
4260	5641
4788	5641
4790	5641
4829	5641
5228	5641
5229	5641
5253	5641
5254	5641
5255	5641
5256	5641
5257	5641
544	5641
5913	5641
714	5641
915	5641
997	5641
c_623f2583	5641
c_8702d5f7	5641
c_cb1ce6ff	5641
1115	6006
1116	6006
1117	6006
1118	6006
1119	6006
1120	6006
1261	6006
1285	6006
1554	6006
1556	6006
1602	6006
1603	6006
1604	6006
1605	6006
1607	6006
1608	6006
1609	6006
1667	6006
1668	6006
1714	6006
1744	6006
1781	6006
1891	6006
1932	6006
2064	6006
2136	6006
2193	6006
2345	6006
2412	6006
2413	6006
2414	6006
2416	6006
2417	6006
2418	6006
252	6006
2548	6006
2888	6006
2948	6006
2950	6006
3724	6006
3732	6006
3898	6006
4059	6006
4145	6006
4173	6006
4210	6006
4215	6006
4373	6006
4454	6006
4472	6006
4497	6006
4566	6006
4571	6006
4582	6006
4857	6006
4858	6006
4994	6006
5000	6006
5010	6006
5078	6006
5088	6006
5106	6006
5231	6006
5360	6006
5361	6006
5363	6006
5364	6006
5384	6006
6042	6006
693	6006
1564	6011
1907	6011
2121	6011
2302	6011
2737	6011
2954	6011
2955	6011
4207	6011
4681	6011
4682	6011
4683	6011
4684	6011
4685	6011
4686	6011
4687	6011
4688	6011
4689	6011
4691	6011
4692	6011
5263	6011
5728	6011
920	6011
1102	6016
1103	6016
1104	6016
1106	6016
1107	6016
1108	6016
1109	6016
1110	6016
1111	6016
1112	6016
1175	6016
1176	6016
1262	6016
1263	6016
1264	6016
1265	6016
1270	6016
1565	6016
1566	6016
1568	6016
1569	6016
1570	6016
1571	6016
1572	6016
1573	6016
1574	6016
1575	6016
1576	6016
1814	6016
1836	6016
239	6016
240	6016
241	6016
2763	6016
2775	6016
2845	6016
2846	6016
2847	6016
2849	6016
2951	6016
2952	6016
2956	6016
2958	6016
301	6016
303	6016
3806	6016
4227	6016
4773	6016
4860	6016
4861	6016
5073	6016
6788	6016
1134	6021
1170	6021
1511	6021
1552	6021
1553	6021
1563	6021
1665	6021
1671	6021
2104	6021
3793	6021
4314	6021
4315	6021
4316	6021
4317	6021
4319	6021
4713	6021
4714	6021
4715	6021
4716	6021
4717	6021
4718	6021
4719	6021
4720	6021
4722	6021
4723	6021
4724	6021
4725	6021
4883	6021
5017	6021
5018	6021
5019	6021
5380	6021
5990	6021
601	6021
606	6021
1029	6026
1206	6026
1240	6026
1250	6026
1258	6026
1654	6026
1772	6026
1863	6026
2212	6026
2221	6026
2274	6026
2729	6026
2730	6026
2731	6026
2732	6026
2733	6026
2735	6026
2736	6026
2738	6026
2741	6026
2743	6026
2749	6026
2752	6026
2753	6026
2757	6026
2760	6026
2762	6026
2764	6026
2776	6026
2777	6026
2779	6026
2782	6026
2962	6026
387	6026
4083	6026
4088	6026
4170	6026
4311	6026
5232	6026
5698	6026
6787	6026
6789	6026
6790	6026
79	6026
970	6026
c_16b63d4f	6026
c_60d786af	6026
1113	6031
1271	6031
136	6031
1360	6031
1374	6031
1378	6031
1394	6031
1395	6031
1406	6031
1943	6031
2277	6031
2710	6031
3563	6031
4984	6031
5031	6031
5967	6031
656	6031
666	6031
93	6031
109	6036
132	6036
1715	6036
1857	6036
2133	6036
2226	6036
2273	6036
2658	6036
2887	6036
2963	6036
386	6036
4085	6036
417	6036
4294	6036
4340	6036
4416	6036
4498	6036
463	6036
4726	6036
473	6036
5385	6036
6039	6036
6040	6036
6041	6036
6052	6036
683	6036
741	6036
1465	6406
2177	6406
2399	6406
2481	6406
2707	6406
2708	6406
2713	6406
2714	6406
2717	6406
2719	6406
2721	6406
2722	6406
3304	6406
3628	6406
3629	6406
3633	6406
3634	6406
4232	6406
4239	6406
4281	6406
4285	6406
4287	6406
4346	6406
479	6406
4863	6406
5123	6406
5147	6406
6292	6406
6293	6406
6294	6406
641	6406
6913	6406
831	6406
c_ab46334d	6406
c_b18ab65c	6406
1252	6411
1669	6411
179	6411
180	6411
1848	6411
2076	6411
2077	6411
2421	6411
2692	6411
2693	6411
2694	6411
2852	6411
3632	6411
3636	6411
3638	6411
3639	6411
3640	6411
3641	6411
3645	6411
3646	6411
3647	6411
3648	6411
3649	6411
3651	6411
3689	6411
3691	6411
3692	6411
3693	6411
3694	6411
3695	6411
3696	6411
3697	6411
3698	6411
3744	6411
3795	6411
3796	6411
3797	6411
3800	6411
3801	6411
3802	6411
3803	6411
3805	6411
3848	6411
3909	6411
3997	6411
4082	6411
4111	6411
4253	6411
435061	6411
435098	6411
4415	6411
4418	6411
4419	6411
4421	6411
4496	6411
4575	6411
4721	6411
4819	6411
4890	6411
4930	6411
5233	6411
5234	6411
5235	6411
5383	6411
5461	6411
5481	6411
5726	6411
5768	6411
5928	6411
5973	6411
6171	6411
6295	6411
6296	6411
6297	6411
6298	6411
6299	6411
6300	6411
6361	6411
6362	6411
71	6411
7219	6411
7931	6411
866	6411
867	6411
923	6411
996	6411
c_18802d13	6411
c_50fb9d42	6411
c_79e507c2	6411
c_ab84e157	6411
c_d6e5f3ab	6411
1439	6416
1487	6416
1640	6416
167	6416
1821	6416
1894	6416
2478	6416
2795	6416
2797	6416
2801	6416
2816	6416
2817	6416
2914	6416
2916	6416
2922	6416
2924	6416
304	6416
3095	6416
3586	6416
3652	6416
3654	6416
3655	6416
3656	6416
3657	6416
3660	6416
3661	6416
3662	6416
3663	6416
3665	6416
3666	6416
3667	6416
3668	6416
3669	6416
3670	6416
3671	6416
3672	6416
4185	6416
5042	6416
5043	6416
5236	6416
5237	6416
5238	6416
529	6416
550	6416
6263	6416
6264	6416
6267	6416
6269	6416
6270	6416
6271	6416
6272	6416
6302	6416
6303	6416
6304	6416
6305	6416
6306	6416
6307	6416
7129	6416
8454	6416
c_18ac5876	6416
c_20f6ad03	6416
c_4254375b	6416
c_7bc27da2	6416
c_99a79cea	6416
c_c95f62c1	6416
c_de4d6f2f	6416
c_fea6771b	6416
1139	6606
1241	6606
142	6606
1685	6606
1893	6606
203	6606
2127	6606
2312	6606
2382	6606
2498	6606
2654	6606
2715	6606
2917	6606
2945	6606
308	6606
3735	6606
3736	6606
3737	6606
3738	6606
3739	6606
3741	6606
378	6606
3785	6606
4293	6606
4420	6606
4469	6606
4507	6606
4629	6606
4631	6606
466	6606
475	6606
4886	6606
5201	6606
534	6606
572	6606
5861	6606
6043	6606
6044	6606
6045	6606
6079	6606
642	6606
6697	6606
6699	6606
6700	6606
6701	6606
746	6606
8412	6606
890	6606
c_22f8c0e6	6606
c_6c8b04b9	6606
c_d8d35f08	6606
1060	6611
1411	6611
1643	6611
1656	6611
1831	6611
1933	6611
1934	6611
1935	6611
2381	6611
2767	6611
2821	6611
3743	6611
3745	6611
3746	6611
3747	6611
3749	6611
3750	6611
3753	6611
3754	6611
3755	6611
3756	6611
3757	6611
3758	6611
3760	6611
3761	6611
4218	6611
4489	6611
5260	6611
5386	6611
5387	6611
6027	6611
952	6611
1061	6616
1141	6616
1266	6616
1267	6616
1274	6616
1414	6616
2364	6616
2366	6616
2772	6616
2886	6616
3733	6616
3734	6616
3764	6616
3765	6616
3766	6616
3767	6616
3768	6616
3769	6616
3770	6616
3771	6616
3772	6616
3773	6616
3775	6616
3776	6616
3777	6616
3779	6616
4423	6616
5262	6616
6702	6616
6921	6616
c_097751fd	6616
c_315af034	6616
c_ece9dd5b	6616
1023	6621
1123	6621
1412	6621
1840	6621
2429	6621
2882	6621
2884	6621
2903	6621
3631	6621
3731	6621
3782	6621
3783	6621
3786	6621
3788	6621
3789	6621
3792	6621
4042	6621
4341	6621
4422	6621
4617	6621
5350	6621
6047	6621
6703	6621
747	6621
751	6621
753	6621
776	6621
868	6621
921	6621
c_3508a934	6621
c_e0e4608a	6621
2256	6626
2374	6626
2482	6626
4892	6626
4900	6626
6031	6626
743	6626
744	6626
748	6626
749	6626
750	6626
752	6626
754	6626
756	6626
757	6626
c_eb46b396	6626
1009	6806
1356	6806
1376	6806
1377	6806
1402	6806
1407	6806
1408	6806
1434	6806
1435	6806
1493	6806
1957	6806
2405	6806
2507	6806
2677	6806
2686	6806
2712	6806
2720	6806
2751	6806
2758	6806
2765	6806
2770	6806
2780	6806
2802	6806
2936	6806
299	6806
3224	6806
3290	6806
3587	6806
3600	6806
3616	6806
3617	6806
3619	6806
3620	6806
3621	6806
3622	6806
3624	6806
3625	6806
3627	6806
3707	6806
4224	6806
4264	6806
429	6806
4303	6806
451069	6806
4624	6806
4833	6806
5819	6806
70	6806
8450	6806
850	6806
c_804a9afe	6806
1042	6811
1143	6811
1229	6811
1275	6811
1362	6811
1381	6811
1382	6811
1383	6811
1387	6811
1396	6811
1499	6811
1512	6811
1704	6811
1837	6811
1878	6811
1887	6811
212	6811
2213	6811
2214	6811
2372	6811
2420	6811
2430	6811
2545	6811
2716	6811
2739	6811
2740	6811
2744	6811
2747	6811
28	6811
3	6811
3798	6811
3808	6811
3809	6811
3810	6811
3811	6811
3817	6811
3818	6811
4062	6811
4211	6811
4545	6811
4676	6811
5035	6811
5045	6811
5046	6811
5055	6811
51	6811
5241	6811
5242	6811
5261	6811
5290	6811
5971	6811
6038	6811
6914	6811
6915	6811
8435	6811
945	6811
989	6811
c_b9c60592	6811
c_e5d85c14	6811
1059	6816
1340	6816
1417	6816
1446	6816
1736	6816
1779	6816
1868	6816
1880	6816
1882	6816
1883	6816
1884	6816
1885	6816
1886	6816
1889	6816
1945	6816
1964	6816
2056	6816
2156	6816
2424	6816
2428	6816
2514	6816
2568	6816
2766	6816
316	6816
3820	6816
3824	6816
3825	6816
3826	6816
3827	6816
3828	6816
3829	6816
3831	6816
3832	6816
3834	6816
3835	6816
3836	6816
3837	6816
3838	6816
4084	6816
4228	6816
4462	6816
4577	6816
4647	6816
4783	6816
4990	6816
5065	6816
5288	6816
5289	6816
5304	6816
5988	6816
6018	6816
6823	6816
708	6816
879	6816
981	6816
1077	6821
1357	6821
1358	6821
1361	6821
1371	6821
1403	6821
1410	6821
1413	6821
155	6821
1718	6821
1723	6821
1724	6821
1725	6821
1832	6821
1834	6821
1845	6821
1846	6821
1994	6821
2159	6821
2169	6821
2378	6821
2549	6821
3759	6821
3840	6821
3841	6821
3842	6821
3846	6821
3851	6821
4579	6821
4584	6821
5243	6821
5397	6821
5440	6821
5614	6821
5615	6821
6824	6821
1400	6826
1401	6826
1720	6826
1828	6826
1833	6826
2192	6826
3859	6826
3861	6826
3863	6826
3864	6826
3865	6826
3874	6826
3876	6826
50	6826
5410	6826
849	6826
1145	6831
1514	6831
1515	6831
1516	6831
1523	6831
153	6831
154	6831
1826	6831
1827	6831
1830	6831
2425	6831
3690	6831
3879	6831
3880	6831
3881	6831
3882	6831
4414	6831
4565	6831
4831	6831
4856	6831
509	6831
510	6831
5447	6831
5503	6831
5678	6831
5993	6831
6012	6831
626	6831
6821	6831
6822	6831
6916	6831
1375	6836
1386	6836
1393	6836
1650	6836
169	6836
1867	6836
2228	6836
2754	6836
3471	6836
3478	6836
3883	6836
3884	6836
5013	6836
5014	6836
5244	6836
5346	6836
5467	6836
6825	6836
988	6836
1368	6841
1388	6841
1397	6841
1418	6841
1726	6841
2783	6841
315	6841
3886	6841
3887	6841
3890	6841
3892	6841
3893	6841
4169	6841
4377	6841
4680	6841
5024	6841
990	6841
1384	6846
1390	6846
1391	6846
1398	6846
1416	6846
1458	6846
2205	6846
2706	6846
2726	6846
2745	6846
2755	6846
2774	6846
3610	6846
3895	6846
3897	6846
5245	6846
5359	6846
5466	6846
5500	6846
5532	6846
5646	6846
5888	6846
5927	6846
1019	7206
1085	7206
1125	7206
1168	7206
1182	7206
1255	7206
1290	7206
1294	7206
1318	7206
1504	7206
1505	7206
1509	7206
1519	7206
1649	7206
1712	7206
1774	7206
1874	7206
1905	7206
1906	7206
1965	7206
2084	7206
2286	7206
2290	7206
2543	7206
2563	7206
336	7206
3381	7206
3396	7206
3397	7206
3398	7206
3399	7206
3763	7206
3774	7206
3780	7206
3814	7206
4320	7206
4324	7206
4353	7206
451941	7206
451991	7206
4580	7206
4649	7206
4777	7206
4839	7206
5063	7206
5438	7206
5445	7206
5454	7206
5458	7206
5469	7206
5563	7206
5619	7206
5652	7206
5695	7206
5706	7206
5709	7206
5713	7206
5746	7206
5774	7206
5781	7206
5858	7206
5859	7206
5860	7206
5876	7206
5892	7206
5898	7206
5946	7206
5955	7206
596	7206
5989	7206
6223	7206
663	7206
7208	7206
8498	7206
863	7206
909	7206
911	7206
912	7206
913	7206
914	7206
1	7211
1020	7211
1027	7211
1028	7211
1088	7211
1089	7211
1096	7211
1097	7211
1100	7211
1101	7211
1127	7211
113	7211
1177	7211
1183	7211
1184	7211
1187	7211
1189	7211
1209	7211
1227	7211
1230	7211
1235	7211
1239	7211
1248	7211
1249	7211
1288	7211
1295	7211
1329	7211
1430	7211
1506	7211
1520	7211
1583	7211
1586	7211
1610	7211
1651	7211
1659	7211
1660	7211
1661	7211
1666	7211
1701	7211
1702	7211
1713	7211
1717	7211
1730	7211
1813	7211
1873	7211
1904	7211
1960	7211
2021	7211
2028	7211
2038	7211
2061	7211
2074	7211
2075	7211
2139	7211
2210	7211
2288	7211
2289	7211
2293	7211
2315	7211
232	7211
2328	7211
2354	7211
2377	7211
2379	7211
2439	7211
246	7211
2564	7211
2570	7211
2853	7211
3039	7211
305	7211
3061	7211
3084	7211
334	7211
337	7211
3382	7211
3384	7211
3385	7211
3386	7211
3387	7211
3388	7211
3390	7211
3391	7211
3392	7211
3393	7211
3394	7211
3395	7211
3711	7211
3713	7211
3714	7211
3719	7211
3726	7211
3752	7211
3822	7211
3891	7211
3903	7211
3918	7211
4155	7211
4171	7211
4172	7211
4206	7211
4244	7211
4296	7211
4297	7211
4364	7211
4458	7211
4459	7211
4468	7211
4560	7211
4568	7211
4632	7211
4640	7211
4659	7211
4660	7211
4678	7211
4693	7211
4781	7211
4823	7211
4824	7211
4825	7211
4835	7211
4840	7211
4847	7211
495	7211
5027	7211
5032	7211
5036	7211
5037	7211
5038	7211
5039	7211
5041	7211
5075	7211
5076	7211
5091	7211
5098	7211
511	7211
5246	7211
5247	7211
5273	7211
5352	7211
5381	7211
5470	7211
5514	7211
5515	7211
5516	7211
5517	7211
5637	7211
5730	7211
5879	7211
5880	7211
5932	7211
5947	7211
6135	7211
6136	7211
6138	7211
6194	7211
6195	7211
6196	7211
6197	7211
6198	7211
6199	7211
6200	7211
6201	7211
6202	7211
6237	7211
6238	7211
6239	7211
6240	7211
6241	7211
6242	7211
6245	7211
6246	7211
6247	7211
6248	7211
6249	7211
6250	7211
6251	7211
6252	7211
6282	7211
6283	7211
725	7211
7814	7211
7815	7211
7816	7211
7817	7211
7818	7211
7819	7211
7820	7211
7821	7211
7822	7211
7823	7211
7824	7211
7825	7211
7826	7211
7827	7211
7828	7211
7829	7211
7830	7211
7834	7211
7835	7211
7836	7211
7837	7211
7838	7211
7839	7211
7840	7211
7841	7211
7842	7211
7843	7211
7844	7211
7845	7211
7846	7211
7847	7211
7848	7211
7849	7211
7850	7211
7851	7211
7852	7211
7853	7211
7854	7211
7855	7211
7856	7211
7857	7211
7858	7211
7859	7211
7860	7211
7861	7211
7862	7211
7864	7211
7865	7211
7866	7211
7867	7211
7868	7211
7869	7211
7870	7211
7871	7211
7872	7211
7873	7211
7874	7211
7875	7211
7876	7211
7877	7211
7878	7211
7879	7211
7880	7211
7881	7211
7889	7211
7890	7211
7891	7211
7892	7211
7893	7211
7895	7211
7896	7211
7899	7211
7900	7211
7901	7211
7902	7211
7903	7211
7904	7211
7905	7211
7965	7211
7966	7211
7967	7211
7968	7211
7969	7211
7970	7211
7971	7211
7972	7211
7973	7211
7974	7211
7975	7211
7976	7211
7977	7211
7978	7211
7979	7211
7980	7211
7988	7211
7989	7211
7990	7211
7991	7211
7992	7211
7993	7211
7994	7211
7995	7211
7996	7211
7998	7211
7999	7211
8000	7211
8001	7211
8002	7211
8003	7211
8004	7211
8005	7211
8006	7211
8007	7211
8008	7211
8189	7211
8279	7211
8280	7211
8281	7211
8282	7211
8283	7211
8301	7211
8304	7211
8305	7211
8306	7211
8307	7211
8308	7211
8309	7211
8310	7211
8311	7211
8312	7211
8313	7211
8314	7211
8315	7211
8316	7211
8317	7211
8318	7211
8319	7211
8320	7211
8321	7211
8322	7211
8323	7211
8324	7211
8325	7211
8326	7211
8327	7211
8328	7211
8329	7211
8330	7211
8331	7211
8332	7211
8333	7211
8334	7211
8335	7211
8336	7211
8337	7211
839	7211
8490	7211
8491	7211
8492	7211
8493	7211
8494	7211
8495	7211
8496	7211
8497	7211
8499	7211
8500	7211
8501	7211
8502	7211
8503	7211
8504	7211
8505	7211
8506	7211
8507	7211
8508	7211
8509	7211
8510	7211
8511	7211
8512	7211
8513	7211
8514	7211
8515	7211
8516	7211
8517	7211
8518	7211
8519	7211
8520	7211
8521	7211
8522	7211
8523	7211
8524	7211
8525	7211
8526	7211
8527	7211
8528	7211
8529	7211
8530	7211
8531	7211
8532	7211
8533	7211
8534	7211
8535	7211
8536	7211
8537	7211
8538	7211
864	7211
869	7211
c_049691c5	7211
c_070e15e7	7211
c_095c8a84	7211
c_0a700c19	7211
c_14e0ae65	7211
c_23635024	7211
c_412ed48a	7211
c_46e54685	7211
c_496cee2d	7211
c_4b33c289	7211
c_6acbfd25	7211
c_791e9f27	7211
c_7a080afd	7211
c_7d7c383b	7211
c_82778b62	7211
c_8331ae25	7211
c_a5c15adc	7211
c_b4cffbee	7211
c_bbd07d89	7211
c_be8fda35	7211
c_c44f1704	7211
c_c5c9cfc7	7211
c_cf9e250b	7211
c_d3974887	7211
c_d3db05e6	7211
c_d4ca9a6c	7211
c_de77a2c0	7211
c_dffba30e	7211
c_e300778f	7211
c_e4bfb3bb	7211
c_e6d358a0	7211
c_eb3ada47	7211
c_ec0f4970	7211
c_f2f1fb47	7211
c_f9143718	7211
c_fee7acae	7211
1180	7216
1185	7216
1188	7216
1207	7216
1208	7216
1219	7216
1220	7216
1228	7216
1253	7216
1291	7216
1293	7216
1297	7216
1298	7216
1299	7216
1522	7216
1587	7216
1606	7216
1615	7216
1624	7216
1632	7216
1771	7216
1822	7216
1899	7216
1986	7216
2024	7216
2032	7216
2042	7216
2055	7216
2224	7216
2231	7216
2331	7216
2362	7216
247	7216
2525	7216
2562	7216
2820	7216
314	7216
333	7216
3401	7216
3402	7216
3403	7216
3405	7216
3406	7216
3415	7216
3787	7216
3812	7216
3816	7216
3823	7216
3833	7216
4342	7216
451885	7216
451912	7216
454784	7216
4567	7216
4570	7216
4621	7216
4662	7216
4816	7216
4841	7216
4848	7216
496	7216
5020	7216
5022	7216
5040	7216
5100	7216
5259	7216
5965	7216
6036	7216
691	7216
841	7216
8547	7216
888	7216
111	7221
1124	7221
1128	7221
1166	7221
1196	7221
1216	7221
1217	7221
1218	7221
1236	7221
1557	7221
1561	7221
1611	7221
1617	7221
1639	7221
1729	7221
1734	7221
1766	7221
1769	7221
1819	7221
1841	7221
1842	7221
1843	7221
1876	7221
2018	7221
2027	7221
2057	7221
2058	7221
2203	7221
249	7221
281	7221
291	7221
302	7221
311	7221
321	7221
33	7221
332	7221
3407	7221
342	7221
351	7221
357	7221
3784	7221
3799	7221
3804	7221
3830	7221
3888	7221
4092	7221
4148	7221
4161	7221
4212	7221
4217	7221
4351	7221
4376	7221
4410	7221
4465	7221
451486	7221
4578	7221
4779	7221
4780	7221
4782	7221
484	7221
4846	7221
5029	7221
5072	7221
5095	7221
5108	7221
5349	7221
5423	7221
5424	7221
5556	7221
5617	7221
690	7221
891	7221
1121	7226
1237	7226
1254	7226
1289	7226
1292	7226
1296	7226
1338	7226
1355	7226
1500	7226
1501	7226
1502	7226
1518	7226
1524	7226
1526	7226
1532	7226
1555	7226
1559	7226
1560	7226
1584	7226
1613	7226
1716	7226
1727	7226
1765	7226
1767	7226
1768	7226
1862	7226
1903	7226
1963	7226
1968	7226
2037	7226
205	7226
2052	7226
2088	7226
2089	7226
2113	7226
2138	7226
2222	7226
2229	7226
2336	7226
235	7226
236	7226
2368	7226
2546	7226
2547	7226
261	7226
2705	7226
2838	7226
2848	7226
2858	7226
2866	7226
2899	7226
3410	7226
3411	7226
3416	7226
3791	7226
3857	7226
3858	7226
3889	7226
4154	7226
4160	7226
4164	7226
4246	7226
4325	7226
4326	7226
4354	7226
4375	7226
4453	7226
4460	7226
4461	7226
4466	7226
451462	7226
4523	7226
4572	7226
4580	7226
4583	7226
4592	7226
4648	7226
4679	7226
4707	7226
4732	7226
4772	7226
4775	7226
4776	7226
4862	7226
4966	7226
5026	7226
503	7226
5049	7226
5448	7226
5693	7226
5694	7226
5770	7226
5777	7226
5925	7226
5930	7226
5944	7226
5969	7226
6278	7226
6279	7226
6280	7226
6281	7226
7198	7226
726	7226
727	7226
8373	7226
956	7226
993	7226
1019	7231
1085	7231
1105	7231
111	7231
1124	7231
1125	7231
1128	7231
1166	7231
1182	7231
1185	7231
1191	7231
1196	7231
1208	7231
1216	7231
1217	7231
1218	7231
1219	7231
1228	7231
1236	7231
1253	7231
1254	7231
1255	7231
1289	7231
1318	7231
1338	7231
1355	7231
1500	7231
1501	7231
1504	7231
1509	7231
1518	7231
1519	7231
1522	7231
1524	7231
1532	7231
1555	7231
1557	7231
1559	7231
1560	7231
1584	7231
1611	7231
1613	7231
1617	7231
1639	7231
1649	7231
1712	7231
1729	7231
1766	7231
1767	7231
1768	7231
1769	7231
1774	7231
1794	7231
1819	7231
1841	7231
1842	7231
1844	7231
1847	7231
187	7231
1876	7231
1899	7231
1986	7231
2018	7231
2027	7231
2037	7231
205	7231
2052	7231
2055	7231
2057	7231
2058	7231
2084	7231
2088	7231
2089	7231
2106	7231
2117	7231
2138	7231
2148	7231
2203	7231
2222	7231
2224	7231
2229	7231
2231	7231
2286	7231
2331	7231
2336	7231
235	7231
2368	7231
247	7231
249	7231
2525	7231
2543	7231
2547	7231
2563	7231
2866	7231
314	7231
321	7231
33	7231
336	7231
3401	7231
3403	7231
3405	7231
3410	7231
3411	7231
3415	7231
3416	7231
3763	7231
3774	7231
3784	7231
3833	7231
3857	7231
3858	7231
3888	7231
4069	7231
4092	7231
4148	7231
4160	7231
4161	7231
4164	7231
4212	7231
4217	7231
4246	7231
4320	7231
4324	7231
4342	7231
4351	7231
4353	7231
4354	7231
4375	7231
4376	7231
4410	7231
4453	7231
4461	7231
4465	7231
4466	7231
451462	7231
4567	7231
4570	7231
4572	7231
4578	7231
4580	7231
4583	7231
4587	7231
4607	7231
4621	7231
4648	7231
4662	7231
4690	7231
4707	7231
4732	7231
4772	7231
4775	7231
4779	7231
4780	7231
4782	7231
4816	7231
4839	7231
484	7231
4841	7231
4845	7231
4846	7231
4862	7231
496	7231
4966	7231
5020	7231
5029	7231
5040	7231
5049	7231
5063	7231
5072	7231
5083	7231
5087	7231
5095	7231
5100	7231
5108	7231
5265	7231
5283	7231
5302	7231
5349	7231
5469	7231
5563	7231
5617	7231
5619	7231
5706	7231
5709	7231
5713	7231
5746	7231
5776	7231
5778	7231
5780	7231
5781	7231
5858	7231
5859	7231
5860	7231
5876	7231
5892	7231
5898	7231
5930	7231
594	7231
5965	7231
5969	7231
5989	7231
6036	7231
6205	7231
6278	7231
6280	7231
6281	7231
690	7231
691	7231
7198	7231
7207	7231
726	7231
8278	7231
8365	7231
8366	7231
8367	7231
8369	7231
841	7231
863	7231
888	7231
891	7231
993	7231
c_2b2e17b1	7231
c_964c9649	7231
c_b2c019c8	7231
c_c385cfb4	7231
1019	7236
1085	7236
1125	7236
1182	7236
1185	7236
1188	7236
1196	7236
1208	7236
1219	7236
122	7236
1228	7236
1253	7236
1255	7236
1294	7236
130	7236
1308	7236
1318	7236
1500	7236
1501	7236
1504	7236
1509	7236
1519	7236
1522	7236
1532	7236
1560	7236
1613	7236
1639	7236
1649	7236
1658	7236
1712	7236
1774	7236
1819	7236
1842	7236
1874	7236
1899	7236
1965	7236
2055	7236
2079	7236
2084	7236
2089	7236
2119	7236
2138	7236
2200	7236
2224	7236
2231	7236
2286	7236
2291	7236
2331	7236
2336	7236
247	7236
2525	7236
2543	7236
2563	7236
2866	7236
314	7236
33	7236
336	7236
3401	7236
3403	7236
3405	7236
3415	7236
3763	7236
3774	7236
3814	7236
3833	7236
4160	7236
4212	7236
4217	7236
4320	7236
4324	7236
4342	7236
4353	7236
4354	7236
4411	7236
4483	7236
451486	7236
4567	7236
4570	7236
4572	7236
4578	7236
4580	7236
4590	7236
4620	7236
4621	7236
4662	7236
4775	7236
4778	7236
4816	7236
4839	7236
484	7236
4841	7236
496	7236
5020	7236
5040	7236
5063	7236
5100	7236
5434	7236
5435	7236
5437	7236
5445	7236
5454	7236
5458	7236
5469	7236
5563	7236
5619	7236
5652	7236
5655	7236
5693	7236
5694	7236
5706	7236
5709	7236
5713	7236
5746	7236
5770	7236
5775	7236
5858	7236
5859	7236
5860	7236
5876	7236
5892	7236
5898	7236
5925	7236
5931	7236
5944	7236
5946	7236
5965	7236
5989	7236
6036	7236
6252	7236
690	7236
691	7236
726	7236
841	7236
863	7236
888	7236
c_6e703074	7236
c_789ead37	7236
1086	7241
1087	7241
1168	7241
1207	7241
1220	7241
1291	7241
1298	7241
1299	7241
1561	7241
1771	7241
1822	7241
1843	7241
1986	7241
2088	7241
2287	7241
2547	7241
2820	7241
333	7241
3402	7241
3416	7241
3778	7241
3787	7241
3812	7241
3816	7241
3823	7241
3830	7241
451885	7241
451912	7241
4772	7241
4848	7241
5022	7241
8371	7241
8373	7241
8374	7241
8547	7241
1022	7606
1043	7606
1045	7606
123	7606
124	7606
1286	7606
1455	7606
1507	7606
17	7606
2093	7606
2130	7606
2141	7606
2142	7606
2143	7606
2144	7606
2145	7606
2179	7606
23	7606
2431	7606
2432	7606
258	7606
2791	7606
2885	7606
3708	7606
3709	7606
3710	7606
4002	7606
4149	7606
434664	7606
4365	7606
450983	7606
4591	7606
4594	7606
4595	7606
4610	7606
4611	7606
4614	7606
4616	7606
4812	7606
4826	7606
4875	7606
5249	7606
5250	7606
5278	7606
5526	7606
6015	7606
6016	7606
6058	7606
6083	7606
703	7606
7137	7606
7203	7606
7933	7606
8375	7606
8377	7606
8378	7606
8380	7606
8381	7606
8382	7606
8383	7606
8384	7606
8385	7606
8386	7606
8387	7606
8393	7606
968	7606
992	7606
c_b605a1d4	7606
118	7611
121	7611
129	7611
1449	7611
16	7611
168	7611
176	7611
2123	7611
2183	7611
2187	7611
257	7611
2829	7611
3715	7611
3718	7611
3720	7611
421	7611
450898	7611
4588	7611
4597	7611
4844	7611
4859	7611
5248	7611
5284	7611
5365	7611
5366	7611
5370	7611
5460	7611
5557	7611
5644	7611
5679	7611
6091	7611
6093	7611
6094	7611
6095	7611
6101	7611
6148	7611
6160	7611
6161	7611
6207	7611
7185	7611
7186	7611
7346	7611
8395	7611
8396	7611
8488	7611
906	7611
c_90ad7755	7611
1094	7616
1190	7616
120	7616
1461	7616
1657	7616
1793	7616
1838	7616
2094	7616
2102	7616
2103	7616
2116	7616
2118	7616
2137	7616
2146	7616
2167	7616
2170	7616
2171	7616
2172	7616
2190	7616
2201	7616
2202	7616
3676	7616
3722	7616
3725	7616
3727	7616
4064	7616
450953	7616
451486	7616
4586	7616
4615	7616
4744	7616
4872	7616
5107	7616
5264	7616
5279	7616
5285	7616
5286	7616
5341	7616
5430	7616
5446	7616
5530	7616
5738	7616
6116	7616
6131	7616
6159	7616
6336	7616
6337	7616
6338	7616
7192	7616
7205	7616
7206	7616
7211	7616
7220	7616
7415	7616
8300	7616
8370	7616
8398	7616
8399	7616
8400	7616
8402	7616
8403	7616
c_5bad9438	7616
c_acf7832d	7616
c_ce38fff4	7616
1024	7621
1034	7621
119	7621
1194	7621
2026	7621
2070	7621
2105	7621
2147	7621
2188	7621
2199	7621
2201	7621
2392	7621
25	7621
3514	7621
3675	7621
3716	7621
3729	7621
428	7621
4604	7621
5044	7621
5086	7621
5347	7621
5478	7621
5479	7621
5495	7621
5656	7621
5688	7621
5765	7621
5991	7621
6114	7621
6129	7621
6130	7621
6131	7621
6163	7621
7193	7621
7202	7621
908	7621
c_764bcd4e	7621
c_7bf10a38	7621
c_9fe65404	7621
c_a02d5941	7621
c_d3334ae3	7621
1044	7626
125	7626
1449	7626
1510	7626
1664	7626
168	7626
2191	7626
312	7626
3853	7626
5282	7626
5370	7626
6148	7626
6157	7626
6161	7626
8404	7626
90	7626
987	7626
991	7626
c_2f64fd66	7626
